1
3
4
6
7
9
19
21
25
27
28
30
43
45
49
51
64
66
73
75
76
78
100
102
103
105
127
129
133
135
154
156
160
162
181
183
187
189
205
207
226
228
232
234
280
282
283
285
289
291
295
297
325
327
331
333
376
378
379
381
400
402
445
447
451
453
478
480
481
483
499
501
502
504
544
546
550
552
556
558
589
591
646
648
655
657
703
705
706
708
736
738
751
753
760
762
787
789
796
798
811
813
823
825
910
912
913
915
979
981
982
984
1027
1029
1030
1032
1042
1044
1045
1047
1054
1056
1063
1065
1135
1137
1147
1149
1219
1221
1231
1233
1243
1245
1273
1275
1297
1299
1396
1398
1405
1407
1444
1446
1447
1449
1468
1470
1471
1473
1531
1533
1546
1548
1552
1554
1564
1566
1657
1659
1675
1677
1705
1707
1723
1725
1837
1839
1843
1845
1846
1848
1918
1920
1924
1926
1927
1929
1930
1932
1984
1986
1996
1998
2041
2043
2056
2058
2116
2118
2140
2142
2191
2193
2215
2217
2275
2277
2278
2280
2380
2382
2395
2397
2425
2427
2446
2448
2515
2517
2578
2580
2635
2637
2650
2652
2653
2655
2716
2718
2776
2778
2791
2793
2797
2799
2938
2940
2950
2952
2983
2985
3130
3132
3139
3141
3169
3171
3172
3174
3238
3240
3277
3279
3295
3297
3307
3309
3448
3450
3529
3531
3583
3585
3673
3675
3706
3708
3727
3729
3844
3846
3853
3855
3865
3867
3886
3888
3982
3984
4084
4086
4144
4146
4180
4182
4195
4197
4297
4299
4321
4323
4465
4467
4540
4542
4588
4590
4612
4614
4687
4689
4693
4695
4759
4761
4825
4827
4837
4839
4921
4923
5050
5052
5179
5181
5251
5253
5269
5271
5359
5361
5365
5367
5413
5415
5494
5496
5569
5571
5593
5595
5647
5649
5788
5790
5896
5898
5926
5928
6061
6063
6079
6081
6196
6198
6229
6231
6313
6315
6316
6318
6361
6363
6460
6462
6565
6567
6667
6669
6712
6714
6793
6795
6886
6888
7072
7074
7081
7083
7108
7110
7180
7182
7222
7224
7294
7296
7369
7371
7510
7512
7519
7521
7591
7593
7771
7773
7918
7920
8017
8018
8019
8065
8067
8071
8072
8073
8080
8081
8082
8083
8085
8116
8117
8118
8161
8162
8163
8164
8165
8166
8191
8192
8193
8200
8201
8202
8281
8282
8283
8302
8303
8304
8308
8309
8310
8335
8336
8337
8338
8339
8340
8383
8384
8385
8386
8388
8392
8393
8394
8413
8415
8470
8471
8472
8473
8474
8475
8524
8525
8526
8536
8537
8538
8578
8579
8580
8614
8615
8616
8626
8627
8628
8704
8705
8706
8713
8714
8715
8719
8720
8721
8722
8723
8724
8752
8753
8754
8764
8765
8766
8812
8814
8824
8825
8826
8827
8828
8829
8923
8925
8926
8927
8928
8959
8960
8961
8965
8966
8967
8989
8990
8991
8995
8996
8997
9016
9017
9018
9022
9023
9024
9106
9107
9108
9112
9113
9114
9145
9146
9147
9151
9152
9153
9202
9203
9204
9208
9209
9210
9256
9258
9328
9329
9330
9331
9332
9333
9355
9356
9357
9358
9359
9360
9364
9365
9366
9421
9422
9423
9430
9431
9432
9460
9461
9462
9469
9470
9471
9562
9563
9564
9568
9569
9570
9592
9593
9594
9595
9596
9597
9670
9671
9672
9673
9674
9675
9691
9692
9693
9694
9695
9696
9709
9710
9711
9712
9714
9718
9719
9720
9787
9788
9789
9796
9797
9798
9883
9884
9885
9895
9896
9897
9898
9899
9900
9910
9911
9912
9916
9917
9918
10045
10046
10047
10048
10049
10050
10084
10085
10086
10102
10103
10104
10126
10127
10128
10129
10130
10131
10165
10166
10167
10174
10175
10176
10180
10181
10182
10183
10184
10185
10255
10256
10257
10261
10262
10263
10288
10289
10290
10297
10298
10299
10429
10430
10431
10432
10433
10434
10450
10451
10452
10462
10463
10464
10468
10469
10470
10474
10475
10476
10483
10484
10485
10513
10514
10515
10525
10526
10527
10594
10595
10596
10603
10604
10605
10633
10634
10635
10639
10640
10641
10663
10664
10665
10681
10682
10683
10756
10757
10758
10777
10778
10779
10810
10811
10812
10819
10820
10821
10855
10856
10857
10861
10862
10863
10909
10910
10911
10936
10937
10938
10978
10979
10980
10981
10982
10983
10984
10985
10986
11071
11072
11073
11113
11114
11115
11116
11117
11118
11119
11120
11121
11227
11228
11229
11233
11234
11235
11257
11258
11259
11368
11369
11370
11380
11381
11382
11395
11396
11397
11401
11402
11403
11416
11417
11418
11446
11447
11448
11455
11456
11457
11461
11462
11463
11539
11540
11541
11587
11588
11589
11635
11636
11637
11638
11640
11659
11661
11662
11664
11701
11703
11704
11705
11706
11716
11718
11719
11720
11721
11722
11724
11731
11732
11733
11752
11754
11755
11757
11815
11817
11824
11826
11827
11828
11829
11830
11832
11833
11834
11835
11851
11853
11857
11859
11860
11861
11862
11863
11864
11865
11893
11895
11896
11898
11908
11909
11910
11950
11952
11953
11955
11959
11961
11971
11973
11989
11991
11992
11993
11994
12007
12009
12010
12012
12013
12014
12015
12028
12029
12030
12031
12032
12033
12097
12098
12099
12100
12102
12103
12105
12106
12108
12115
12116
12117
12118
12120
12139
12141
12148
12150
12163
12165
12166
12168
12217
12219
12244
12245
12246
12247
12248
12249
12253
12255
12256
12258
12268
12269
12270
12271
12273
12274
12276
12289
12291
12304
12305
12306
12307
12309
12349
12350
12351
12352
12353
12354
12355
12357
12361
12363
12376
12378
12388
12390
12397
12398
12399
12418
12420
12424
12426
12427
12428
12429
12430
12431
12432
12484
12485
12486
12499
12501
12502
12504
12508
12510
12514
12516
12520
12522
12532
12534
12535
12537
12538
12539
12540
12547
12549
12550
12552
12601
12603
12604
12606
12613
12614
12615
12631
12633
12643
12644
12645
12652
12653
12654
12655
12657
12691
12693
12697
12699
12706
12708
12709
12711
12715
12717
12718
12719
12720
12727
12728
12729
12730
12732
12754
12755
12756
12766
12768
12772
12774
12781
12782
12783
12802
12804
12805
12806
12807
12814
12816
12823
12825
12826
12827
12828
12841
12842
12843
12847
12849
12856
12858
12910
12912
12913
12915
12916
12918
12919
12921
12925
12926
12927
12934
12936
12937
12939
12955
12956
12957
12970
12972
12973
12975
12979
12981
12982
12984
12985
12986
12987
13015
13017
13018
13020
13027
13029
13033
13035
13036
13037
13038
13039
13040
13041
13078
13079
13080
13099
13101
13102
13104
13105
13106
13107
13111
13113
13123
13125
13126
13128
13129
13131
13132
13134
13135
13136
13137
13138
13139
13140
13153
13154
13155
13156
13158
13162
13164
13198
13200
13201
13203
13204
13205
13206
13219
13221
13222
13224
13240
13241
13242
13243
13245
13246
13248
13276
13277
13278
13285
13287
13291
13293
13297
13298
13299
13309
13311
13312
13314
13315
13317
13318
13320
13321
13322
13323
13345
13347
13354
13355
13356
13369
13371
13375
13377
13381
13383
13384
13386
13408
13410
13417
13418
13419
13420
13421
13422
13429
13431
13432
13434
13435
13437
13444
13445
13446
13456
13457
13458
13468
13469
13470
13480
13482
13483
13484
13485
13486
13488
13501
13503
13513
13514
13515
13552
13554
13555
13557
13564
13566
13567
13568
13569
13570
13572
13573
13574
13575
13585
13586
13587
13588
13590
13591
13593
13603
13605
13606
13608
13621
13623
13633
13634
13635
13642
13644
13663
13665
13666
13667
13668
13681
13683
13690
13691
13692
13693
13695
13696
13698
13702
13703
13704
13705
13706
13707
13714
13715
13716
13732
13733
13734
13735
13737
13741
13743
13747
13749
13750
13752
13765
13767
13768
13769
13770
13789
13790
13791
13804
13805
13806
13807
13809
13810
13812
13813
13814
13815
13816
13818
13822
13824
13846
13848
13849
13851
13861
13862
13863
13882
13884
13885
13886
13887
13891
13893
13894
13895
13896
13897
13899
13909
13911
13915
13917
13918
13919
13920
13921
13923
13924
13925
13926
13933
13935
13942
13943
13944
13951
13953
13954
13956
13957
13958
13959
13969
13971
13981
13982
13983
13984
13985
13986
13990
13992
13996
13997
13998
14014
14015
14016
14023
14025
14032
14034
14035
14037
14044
14046
14047
14049
14053
14054
14055
14056
14058
14059
14060
14061
14062
14063
14064
14068
14070
14083
14085
14086
14088
14095
14097
14101
14102
14103
14107
14108
14109
14116
14118
14119
14120
14121
14122
14124
14125
14126
14127
14128
14130
14131
14132
14133
14149
14150
14151
14152
14153
14154
14155
14157
14158
14160
14176
14178
14179
14180
14181
14182
14184
14185
14187
14188
14190
14191
14193
14203
14204
14205
14206
14207
14208
14209
14211
14212
14213
14214
14221
14223
14230
14232
14233
14235
14236
14237
14238
14239
14241
14245
14247
14248
14249
14250
14251
14252
14253
14260
14261
14262
14263
14264
14265
14269
14271
14272
14274
14275
14276
14277
14278
14280
14281
14282
14283
14284
14286
14287
14289
14296
14298
14299
14300
14301
14302
14304
14305
14306
14307
14308
14309
14310
14314
14316
14317
14319
14320
14322
14323
14324
14325
14332
14334
14335
14336
14337
14338
14340
14341
14342
14343
14344
14345
14346
14347
14348
14349
14350
14352
14353
14355
14359
14360
14361
14362
14363
14364
14365
14366
14367
14368
14370
14371
14373
14374
14375
14376
14377
14378
14379
14380
14381
14382
14386
14387
14388
14389
14391
14392
14394
14395
14396
14397
14398
14399
14400
14401
14403
14404
14405
14406
14407
14408
14409
14410
14411
14412
14413
14415
14416
14417
14418
14419
14420
14421
