1	0	9	5
2	0	9	4.5
3	0	8.5	5
4	0.5	9	5
5	0.5	9	4.5
6	0.5	8.5	5
7	0	8.5	4.5
8	0.5	8.5	4.5
9	0	8	5
10	0	9	4
11	1	9	5
12	1	8.5	5
13	0.5	9	4
14	1	9	4.5
15	0	8	4.5
16	0.5	8	5
17	0	8.5	4
18	0.5	8.5	4
19	1	8.5	4.5
20	0.5	8	4.5
21	1	9	4
22	0	8	4
23	1	8	5
24	1	8.5	4
25	0	7.5	5
26	0	9	3.5
27	1.5	9	5
28	0.5	8	4
29	1	8	4.5
30	0.5	9	3.5
31	1.5	8.5	5
32	1.5	9	4.5
33	0.5	7.5	5
34	0	8.5	3.5
35	0	7.5	4.5
36	0.5	8.5	3.5
37	1.5	8.5	4.5
38	0.5	7.5	4.5
39	1	8	4
40	1	9	3.5
41	1.5	8	5
42	1	7.5	5
43	0	7.5	4
44	1.5	9	4
45	0	8	3.5
46	1	8.5	3.5
47	1.5	8	4.5
48	1.5	8.5	4
49	0.5	8	3.5
50	0.5	7.5	4
51	1	7.5	4.5
52	0	9	3
53	2	9	5
54	0	7	5
55	1	7.5	4
56	1.5	8	4
57	0.5	9	3
58	2	8.5	5
59	0.5	7	5
60	1	8	3.5
61	0	8.5	3
62	2	9	4.5
63	0	7	4.5
64	0.5	7	4.5
65	0.5	8.5	3
66	1.5	9	3.5
67	2	8.5	4.5
68	1.5	7.5	5
69	0	7.5	3.5
70	0.5	7.5	3.5
71	1.5	8.5	3.5
72	1.5	7.5	4.5
73	2	9	4
74	2	8	5
75	1	9	3
76	0	8	3
77	1	7	5
78	0	7	4
79	2	8.5	4
80	2	8	4.5
81	0.5	8	3
82	0.5	7	4
83	1	8.5	3
84	1	7	4.5
85	1	7.5	3.5
86	1.5	8	3.5
87	1.5	7.5	4
88	2	8	4
89	1	7	4
90	1	8	3
91	2	9	3.5
92	1.5	9	3
93	1.5	7	5
94	0	7.5	3
95	0	6.5	5
96	2.5	9	5
97	0	9	2.5
98	2	7.5	5
99	0	7	3.5
100	2	8.5	3.5
101	1.5	8.5	3
102	1.5	7	4.5
103	0.5	7	3.5
104	0.5	7.5	3
105	0.5	9	2.5
106	2.5	8.5	5
107	2.5	9	4.5
108	0.5	6.5	5
109	0	8.5	2.5
110	2	7.5	4.5
111	0	6.5	4.5
112	0.5	6.5	4.5
113	0.5	8.5	2.5
114	2.5	8.5	4.5
115	1.5	7.5	3.5
116	2	8	3.5
117	2	7.5	4
118	1.5	8	3
119	1	6.5	5
120	1.5	7	4
121	1	7	3.5
122	2.5	9	4
123	1	7.5	3
124	2.5	8	5
125	1	9	2.5
126	0	8	2.5
127	0	6.5	4
128	2.5	8.5	4
129	2.5	8	4.5
130	0.5	6.5	4
131	1	6.5	4.5
132	0.5	8	2.5
133	1	8.5	2.5
134	0	7	3
135	2	9	3
136	2	7	5
137	2.5	8	4
138	1	6.5	4
139	0.5	7	3
140	2	8.5	3
141	2	7	4.5
142	1	8	2.5
143	1.5	6.5	5
144	1.5	7.5	3
145	2	7.5	3.5
146	2.5	9	3.5
147	1.5	7	3.5
148	1.5	9	2.5
149	0	7.5	2.5
150	2.5	7.5	5
151	0	6.5	3.5
152	1.5	6.5	4.5
153	0.5	6.5	3.5
154	2.5	8.5	3.5
155	0.5	7.5	2.5
156	1.5	8.5	2.5
157	2.5	7.5	4.5
158	2	7	4
159	2	8	3
160	0	9	2
161	0	6	5
162	1	7	3
163	3	9	5
164	0.5	9	2
165	3	8.5	5
166	0.5	6	5
167	0	8.5	2
168	0	6	4.5
169	3	9	4.5
170	2.5	8	3.5
171	1.5	6.5	4
172	1.5	8	2.5
173	1	6.5	3.5
174	0.5	8.5	2
175	2.5	7.5	4
176	0.5	6	4.5
177	1	7.5	2.5
178	3	8.5	4.5
179	3	9	4
180	1	9	2
181	3	8	5
182	0	8	2
183	1	6	5
184	0	6	4
185	3	8.5	4
186	0	6.5	3
187	2	7	3.5
188	2	6.5	5
189	0.5	8	2
190	1.5	7	3
191	2	7.5	3
192	1	8.5	2
193	0.5	6	4
194	1	6	4.5
195	2.5	7	5
196	2	9	2.5
197	0	7	2.5
198	2.5	9	3
199	3	8	4.5
200	0.5	6.5	3
201	2	6.5	4.5
202	0.5	7	2.5
203	2	8.5	2.5
204	2.5	7	4.5
205	2.5	8.5	3
206	1.5	6.5	3.5
207	1.5	7.5	2.5
208	2.5	7.5	3.5
209	3	8	4
210	1	6	4
211	1	8	2
212	2	6.5	4
213	3	9	3.5
214	2.5	7	4
215	3	7.5	5
216	0	6	3.5
217	1.5	9	2
218	2	8	2.5
219	0	7.5	2
220	1	6.5	3
221	1.5	6	5
222	1	7	2.5
223	2.5	8	3
224	3	8.5	3.5
225	0.5	6	3.5
226	1.5	8.5	2
227	0.5	7.5	2
228	1.5	6	4.5
229	3	7.5	4.5
230	2	7	3
231	3	7.5	4
232	3	8	3.5
233	1.5	8	2
234	1	7.5	2
235	0	5.5	5
236	0	9	1.5
237	1.5	6	4
238	1	6	3.5
239	3.5	9	5
240	1.5	6.5	3
241	2	6.5	3.5
242	2.5	6.5	5
243	0.5	9	1.5
244	0.5	5.5	5
245	2.5	7	3.5
246	0	8.5	1.5
247	1.5	7	2.5
248	2.5	9	2.5
249	3.5	8.5	5
250	2	7.5	2.5
251	0	5.5	4.5
252	3.5	9	4.5
253	2.5	7.5	3
254	0	6.5	2.5
255	2.5	6.5	4.5
256	0.5	8.5	1.5
257	0.5	6.5	2.5
258	2.5	8.5	2.5
259	0.5	5.5	4.5
260	3.5	8.5	4.5
261	2	9	2
262	3	7	5
263	0	6	3
264	2	6	5
265	3	9	3
266	0	7	2
267	2	8.5	2
268	1	5.5	5
269	0.5	6	3
270	1	9	1.5
271	0	8	1.5
272	0.5	7	2
273	2	6	4.5
274	3.5	8	5
275	0	5.5	4
276	3	8.5	3
277	3.5	9	4
278	3	7	4.5
279	3	7.5	3.5
280	2.5	6.5	4
281	1	5.5	4.5
282	0.5	8	1.5
283	1.5	7.5	2
284	2.5	8	2.5
285	1	8.5	1.5
286	0.5	5.5	4
287	3.5	8.5	4
288	1	6.5	2.5
289	3.5	8	4.5
290	1.5	6	3.5
291	3	7	4
292	2	8	2
293	2	6	4
294	1	7	2
295	3	8	3
296	1	6	3
297	2	6.5	3
298	1	5.5	4
299	1	8	1.5
300	2	7	2.5
301	3.5	8	4
302	2.5	7	3
303	1.5	5.5	5
304	0	5.5	3.5
305	0	7.5	1.5
306	3.5	7.5	5
307	1.5	9	1.5
308	3.5	9	3.5
309	1.5	6.5	2.5
310	2.5	6.5	3.5
311	0.5	7.5	1.5
312	0.5	5.5	3.5
313	2.5	7.5	2.5
314	1.5	5.5	4.5
315	1.5	8.5	1.5
316	3.5	8.5	3.5
317	3.5	7.5	4.5
318	3	7	3.5
319	3	6.5	5
320	2	7.5	2
321	2	6	3.5
322	1.5	7	2
323	2.5	9	2
324	2.5	6	5
325	3	7.5	3
326	1.5	6	3
327	0	6.5	2
328	0	6	2.5
329	3	9	2.5
330	1	5.5	3.5
331	0.5	6.5	2
332	0.5	6	2.5
333	3	6.5	4.5
334	1.5	5.5	4
335	1	7.5	1.5
336	1.5	8	1.5
337	2.5	6	4.5
338	2.5	8.5	2
339	3.5	8	3.5
340	3.5	7.5	4
341	3	8.5	2.5
342	4	9	5
343	0	5	5
344	0	9	1
345	3	6.5	4
346	2	9	1.5
347	3.5	9	3
348	0	7	1.5
349	0	5	4.5
350	2	5.5	5
351	0.5	9	1
352	0	5.5	3
353	4	8.5	5
354	2.5	6	4
355	0	8.5	1
356	3.5	7	5
357	2.5	8	2
358	1	6.5	2
359	1	6	2.5
360	3	8	2.5
361	0.5	5	5
362	4	9	4.5
363	2	8.5	1.5
364	3.5	8.5	3
365	0.5	7	1.5
366	2	6.5	2.5
367	2.5	6.5	3
368	0.5	5.5	3
369	2	5.5	4.5
370	0.5	8.5	1
371	2.5	7	2.5
372	3.5	7	4.5
373	0.5	5	4.5
374	4	8.5	4.5
375	1.5	5.5	3.5
376	1.5	7.5	1.5
377	3.5	7.5	3.5
378	2	7	2
379	0	5	4
380	2	6	3
381	1	9	1
382	3	7	3
383	0	8	1
384	4	8	5
385	4	9	4
386	1	5	5
387	2	5.5	4
388	3.5	8	3
389	2	8	1.5
390	0.5	8	1
391	1	8.5	1
392	1	7	1.5
393	1	5.5	3
394	3.5	7	4
395	0.5	5	4
396	4	8.5	4
397	1	5	4.5
398	4	8	4.5
399	3	6.5	3.5
400	2.5	6	3.5
401	1.5	6.5	2
402	1.5	6	2.5
403	2.5	7.5	2
404	3	7.5	2.5
405	3	9	2
406	1	8	1
407	0	6	2
408	3	6	5
409	1	5	4
410	4	8	4
411	0	5	3.5
412	3	8.5	2
413	0.5	6	2
414	4	9	3.5
415	0	7.5	1
416	1.5	9	1
417	4	7.5	5
418	3	6	4.5
419	1.5	5	5
420	3.5	7.5	3
421	1.5	5.5	3
422	0.5	5	3.5
423	2	7.5	1.5
424	2	5.5	3.5
425	0	6.5	1.5
426	2.5	5.5	5
427	2.5	9	1.5
428	0.5	7.5	1
429	3.5	6.5	5
430	1.5	7	1.5
431	1.5	8.5	1
432	4	8.5	3.5
433	0	5.5	2.5
434	3.5	7	3.5
435	3.5	9	2.5
436	4	7.5	4.5
437	1.5	5	4.5
438	0.5	6.5	1.5
439	2.5	6.5	2.5
440	3.5	6.5	4.5
441	0.5	5.5	2.5
442	2.5	8.5	1.5
443	2.5	5.5	4.5
444	3.5	8.5	2.5
445	3	6	4
446	3	8	2
447	1	6	2
448	2	6.5	2
449	3	6.5	3
450	2	6	2.5
451	1.5	8	1
452	2.5	6	3
453	1	7.5	1
454	4	8	3.5
455	3	7	2.5
456	1	5	3.5
457	2.5	7	2
458	4	7.5	4
459	1.5	5	4
460	2.5	8	1.5
461	2.5	5.5	4
462	1	6.5	1.5
463	3.5	6.5	4
464	1	5.5	2.5
465	3.5	8	2.5
466	0	5	3
467	2	9	1
468	4	7	5
469	0	7	1
470	2	5	5
471	4	9	3
472	0.5	5	3
473	3.5	7	3
474	2	5.5	3
475	3	7.5	2
476	3	6	3.5
477	0.5	7	1
478	2	8.5	1
479	2	7	1.5
480	1.5	6	2
481	4.5	9	5
482	0	4.5	5
483	0	9	0.5
484	2	5	4.5
485	4	7	4.5
486	4	8.5	3
487	1.5	7.5	1
488	4.5	9	4.5
489	0.5	9	0.5
490	0	8.5	0.5
491	0	4.5	4.5
492	4.5	8.5	5
493	0.5	4.5	5
494	1.5	5	3.5
495	4	7.5	3.5
496	1.5	5.5	2.5
497	1.5	6.5	1.5
498	2.5	5.5	3.5
499	2.5	7.5	1.5
500	0.5	8.5	0.5
501	4.5	8.5	4.5
502	0.5	4.5	4.5
503	3.5	7.5	2.5
504	3.5	6.5	3.5
505	2	8	1
506	1	7	1
507	4	7	4
508	2	5	4
509	1	5	3
510	4	8	3
511	0	5.5	2
512	4.5	8	5
513	4.5	9	4
514	3	9	1.5
515	3	5.5	5
516	0	8	0.5
517	1	9	0.5
518	0	6	1.5
519	3.5	6	5
520	3.5	9	2
521	1	4.5	5
522	0	4.5	4
523	2.5	6.5	2
524	3	8.5	1.5
525	2.5	6	2.5
526	4.5	8	4.5
527	0.5	8	0.5
528	0.5	6	1.5
529	3.5	6	4.5
530	0.5	5.5	2
531	1	8.5	0.5
532	0.5	4.5	4
533	4.5	8.5	4
534	3	5.5	4.5
535	1	4.5	4.5
536	3	6.5	2.5
537	3.5	8.5	2
538	2	6	2
539	3	7	2
540	3	6	3
541	4.5	8	4
542	4	6.5	5
543	3	5.5	4
544	2	7.5	1
545	4	7	3.5
546	1	4.5	4
547	1	6	1.5
548	1.5	7	1
549	1	5.5	2
550	1	8	0.5
551	3	8	1.5
552	1.5	5	3
553	0	6.5	1
554	2.5	9	1
555	3.5	6	4
556	3.5	8	2
557	2.5	5	5
558	2	5	3.5
559	0	5	2.5
560	4	9	2.5
561	4	7.5	3
562	2	6.5	1.5
563	0.5	6.5	1
564	0.5	5	2.5
565	2	5.5	2.5
566	2.5	7	1.5
567	1.5	4.5	5
568	3.5	6.5	3
569	0	7.5	0.5
570	4.5	7.5	5
571	1.5	9	0.5
572	4	6.5	4.5
573	2.5	5.5	3
574	2.5	8.5	1
575	0	4.5	3.5
576	2.5	5	4.5
577	4.5	9	3.5
578	3.5	7	2.5
579	4	8.5	2.5
580	0.5	7.5	0.5
581	1.5	4.5	4.5
582	4.5	7.5	4.5
583	1.5	8.5	0.5
584	0.5	4.5	3.5
585	4.5	8.5	3.5
586	4	6.5	4
587	1	6.5	1
588	2.5	8	1
589	1	5	2.5
590	2.5	5	4
591	4	8	2.5
592	1.5	5.5	2
593	3	7.5	1.5
594	3	5.5	3.5
595	1.5	4.5	4
596	1	4.5	3.5
597	1.5	8	0.5
598	1	7.5	0.5
599	1.5	6	1.5
600	3.5	7.5	2
601	4.5	7.5	4
602	3.5	6	3.5
603	4.5	8	3.5
604	2	7	1
605	2	5	3
606	4	7	3
607	2	4.5	5
608	2	9	0.5
609	4.5	7	5
610	2.5	6	2
611	3	6.5	2
612	4.5	9	3
613	0	7	0.5
614	3	6	2.5
615	0	4.5	3
616	0	5.5	1.5
617	1.5	6.5	1
618	4	6.5	3.5
619	0.5	7	0.5
620	2	8.5	0.5
621	4.5	7	4.5
622	1.5	5	2.5
623	4.5	8.5	3
624	0.5	4.5	3
625	2.5	5	3.5
626	2	4.5	4.5
627	3.5	5.5	5
628	2.5	7.5	1
629	4	7.5	2.5
630	3.5	9	1.5
631	2.5	6.5	1.5
632	0.5	5.5	1.5
633	1.5	7.5	0.5
634	4.5	7.5	3.5
635	1.5	4.5	3.5
636	2.5	5.5	2.5
637	3.5	5.5	4.5
638	3.5	6.5	2.5
639	3.5	8.5	1.5
640	0	5	2
641	4	6	5
642	0	6	1
643	0	9	0
644	0	4	5
645	5	9	5
646	3	9	1
647	4	9	2
648	3	5	5
649	2	5.5	2
650	2	4.5	4
651	0.5	6	1
652	2	6	1.5
653	0.5	5	2
654	0.5	4	5
655	3.5	6	3
656	4.5	8	3
657	4.5	7	4
658	2	8	0.5
659	1	7	0.5
660	3	7	1.5
661	3	5.5	3
662	0	8.5	0
663	0.5	9	0
664	5	8.5	5
665	1	4.5	3
666	0	4	4.5
667	4	8.5	2
668	3	8.5	1
669	5	9	4.5
670	3.5	7	2
671	3	5	4.5
672	4	6	4.5
673	0.5	4	4.5
674	1	5.5	1.5
675	0.5	8.5	0
676	3.5	5.5	4
677	3.5	8	1.5
678	5	8.5	4.5
679	3	5	4
680	1	4	5
681	0	8	0
682	1	6	1
683	1	9	0
684	1	5	2
685	4	8	2
686	0	4	4
687	5	8	5
688	3	8	1
689	4	6	4
690	5	9	4
691	0.5	4	4
692	2	6.5	1
693	1	4	4.5
694	2.5	5	3
695	0.5	8	0
696	2	5	2.5
697	1	8.5	0
698	4	7	2.5
699	2.5	7	1
700	4	6.5	3
701	5	8	4.5
702	5	8.5	4
703	4.5	6.5	5
704	1.5	4.5	3
705	2	7.5	0.5
706	0	6.5	0.5
707	2.5	9	0.5
708	2	4.5	3.5
709	4.5	7.5	3
710	1.5	7	0.5
711	2.5	4.5	5
712	4.5	9	2.5
713	4.5	7	3.5
714	0	4.5	2.5
715	1.5	5.5	1.5
716	4.5	6.5	4.5
717	0.5	6.5	0.5
718	2.5	8.5	0.5
719	2.5	4.5	4.5
720	4.5	8.5	2.5
721	0.5	4.5	2.5
722	3.5	7.5	1.5
723	3.5	5.5	3.5
724	1	4	4
725	3	6	2
726	1	8	0
727	5	8	4
728	1.5	4	5
729	1.5	5	2
730	1.5	6	1
731	0	7.5	0
732	4	6	3.5
733	3	7.5	1
734	1.5	9	0
735	3	5	3.5
736	5	9	3.5
737	5	7.5	5
738	4	7.5	2
739	0	4	3.5
740	4.5	6.5	4
741	0.5	4	3.5
742	2.5	6	1.5
743	3	6.5	1.5
744	1.5	4	4.5
745	2.5	8	0.5
746	2.5	5.5	2
747	4.5	8	2.5
748	5	8.5	3.5
749	2.5	4.5	4
750	1.5	8.5	0
751	0.5	7.5	0
752	3.5	6.5	2
753	3	5.5	2.5
754	1	4.5	2.5
755	1	6.5	0.5
756	3.5	6	2.5
757	5	7.5	4.5
758	2	4.5	3
759	0	5.5	1
760	0	5	1.5
761	1.5	4	4
762	1	4	3.5
763	2	7	0.5
764	1.5	8	0
765	4.5	7	3
766	3.5	9	1
767	1	7.5	0
768	4	5.5	5
769	4	9	1.5
770	3.5	5	5
771	5	8	3.5
772	5	7.5	4
773	0.5	5	1.5
774	2	5.5	1.5
775	2.5	5	2.5
776	2.5	6.5	1
777	3.5	5.5	3
778	3.5	5	4.5
779	4	6.5	2.5
780	3.5	8.5	1
781	0.5	5.5	1
782	4	8.5	1.5
783	3.5	7	1.5
784	4	5.5	4.5
785	4.5	6.5	3.5
786	1.5	6.5	0.5
787	2.5	7.5	0.5
788	2.5	4.5	3.5
789	4.5	7.5	2.5
790	1.5	4.5	2.5
791	2	5	2
792	5	7	5
793	2	6	1
794	0	7	0
795	2	9	0
796	2	4	5
797	3	7	1
798	3	5	3
799	0	4	3
800	4	7	2
801	4	6	3
802	5	9	3
803	3	4.5	5
804	0.5	4	3
805	1	5	1.5
806	4.5	6	5
807	1	5.5	1
808	4.5	9	2
809	0	6	0.5
810	0.5	7	0
811	3	9	0.5
812	3.5	8	1
813	2	4	4.5
814	2	8.5	0
815	4	5.5	4
816	0	4.5	2
817	3.5	5	4
818	5	7	4.5
819	4	8	1.5
820	5	8.5	3
821	4.5	6	4.5
822	1.5	4	3.5
823	0.5	6	0.5
824	1.5	7.5	0
825	3	4.5	4.5
826	3	8.5	0.5
827	4.5	8.5	2
828	0.5	4.5	2
829	5	7.5	3.5
830	2	4	4
831	1	7	0
832	1	4	3
833	2	8	0
834	5	7	4
835	5	8	3
836	4.5	6	4
837	3	6	1.5
838	4.5	8	2
839	0	3.5	5
840	1	6	0.5
841	5.5	9	5
842	3	4.5	4
843	1	4.5	2
844	3	5.5	2
845	3	8	0.5
846	3.5	6	2
847	1.5	5.5	1
848	4.5	6.5	3
849	2	6.5	0.5
850	2.5	7	0.5
851	3.5	7.5	1
852	2.5	4.5	3
853	5.5	8.5	5
854	0.5	3.5	5
855	1.5	5	1.5
856	4.5	7	2.5
857	3.5	5	3.5
858	2	4.5	2.5
859	5.5	9	4.5
860	0	3.5	4.5
861	4	5.5	3.5
862	4	7.5	1.5
863	2.5	5.5	1.5
864	0.5	3.5	4.5
865	5.5	8.5	4.5
866	3.5	5.5	2.5
867	3.5	6.5	1.5
868	5	6.5	5
869	2.5	5	2
870	2.5	4	5
871	3	6.5	1
872	5	7	3.5
873	5.5	8	5
874	2	7.5	0
875	1.5	4	3
876	2.5	6	1
877	5	9	2.5
878	2.5	9	0
879	0	6.5	0
880	1.5	7	0
881	1	3.5	5
882	2	4	3.5
883	5.5	9	4
884	0	3.5	4
885	0	4	2.5
886	4	6	2.5
887	3	5	2.5
888	4	6.5	2
889	5	7.5	3
890	3	4.5	3.5
891	5	6.5	4.5
892	2.5	4	4.5
893	0.5	6.5	0
894	3	7.5	0.5
895	4.5	7.5	2
896	5.5	8	4.5
897	0.5	3.5	4
898	4.5	6	3.5
899	0.5	4	2.5
900	1.5	6	0.5
901	2.5	8.5	0
902	1.5	4.5	2
903	5.5	8.5	4
904	5	8.5	2.5
905	1	3.5	4.5
906	0	5	1
907	4	5	5
908	4	9	1
909	0.5	5	1
910	2	5.5	1
911	2	5	1.5
912	2.5	4	4
913	5.5	8	4
914	2.5	8	0
915	1	3.5	4
916	3.5	5	3
917	5	8	2.5
918	5	6.5	4
919	1	4	2.5
920	1	6.5	0
921	4	8.5	1
922	3.5	7	1
923	4	5.5	3
924	4	7	1.5
925	4	5	4.5
926	0	5.5	0.5
927	5.5	7.5	5
928	3.5	4.5	5
929	1.5	3.5	5
930	4.5	9	1.5
931	0	3.5	3.5
932	5.5	9	3.5
933	0	4.5	1.5
934	4.5	5.5	5
935	3.5	9	0.5
936	4.5	6.5	2.5
937	2.5	6.5	0.5
938	2.5	4.5	2.5
939	0.5	3.5	3.5
940	4.5	5.5	4.5
941	5.5	7.5	4.5
942	3.5	4.5	4.5
943	0.5	5.5	0.5
944	5.5	8.5	3.5
945	1.5	3.5	4.5
946	0.5	4.5	1.5
947	4.5	8.5	1.5
948	3.5	8.5	0.5
949	2	7	0
950	1	5	1
951	2	4	3
952	4	8	1
953	5	7	3
954	4	5	4
955	3	4.5	3
956	2	4.5	2
957	3	7	0.5
958	2	6	0.5
959	4.5	6	3
960	4.5	7	2
961	2.5	4	3.5
962	3	5.5	1.5
963	1.5	6.5	0
964	5	6.5	3.5
965	1.5	4	2.5
966	5.5	8	3.5
967	4.5	5.5	4
968	1	5.5	0.5
969	4.5	8	1.5
970	5	7.5	2.5
971	3.5	4.5	4
972	1	4.5	1.5
973	2.5	7.5	0
974	1	3.5	3.5
975	1.5	3.5	4
976	5.5	7.5	4
977	3.5	8	0.5
978	3.5	5.5	2
979	3.5	6	1.5
980	0	4	2
981	5	6	5
982	3	9	0
983	3	4	5
984	0	6	0
985	3	6	1
986	4	6	2
987	3	5	2
988	5	9	2
989	0.5	6	0
990	2	3.5	5
991	3	4	4.5
992	3	8.5	0
993	0.5	4	2
994	1.5	5	1
995	0	3.5	3
996	4	7.5	1
997	5	6	4.5
998	5.5	7	5
999	4	5	3.5
1000	5.5	9	3
1001	5	8.5	2
1002	2.5	5	1.5
1003	2	3.5	4.5
1004	3.5	6.5	1
1005	0.5	3.5	3
1006	2.5	5.5	1
1007	3.5	5	2.5
1008	4	6.5	1.5
1009	4	5.5	2.5
1010	5.5	7	4.5
1011	5.5	8.5	3
1012	1.5	5.5	0.5
1013	4.5	7.5	1.5
1014	5.5	7.5	3.5
1015	1.5	3.5	3.5
1016	3.5	4.5	3.5
1017	3.5	7.5	0.5
1018	4.5	5.5	3.5
1019	1.5	4.5	1.5
1020	3	4	4
1021	3	8	0
1022	1	6	0
1023	1	4	2
1024	5	6	4
1025	5	8	2
1026	2	3.5	4
1027	2	6.5	0
1028	2.5	4	3
1029	5	7	2.5
1030	1	3.5	3
1031	2.5	7	0
1032	2	4	2.5
1033	5	6.5	3
1034	5.5	8	3
1035	5.5	7	4
1036	2.5	6	0.5
1037	2.5	4.5	2
1038	3	4.5	2.5
1039	3	6.5	0.5
1040	4.5	6.5	2
1041	4.5	6	2.5
1042	2	5	1
1043	6	9	5
1044	0	3	5
1045	4	5	3
1046	4	7	1
1047	0	5	0.5
1048	4.5	5	5
1049	3	4	3.5
1050	1.5	6	0
1051	5	6	3.5
1052	4.5	9	1
1053	3	7.5	0
1054	4	4.5	5
1055	0.5	3	5
1056	1.5	4	2
1057	0	3	4.5
1058	0	4.5	1
1059	6	9	4.5
1060	6	8.5	5
1061	4	9	0.5
1062	5	7.5	2
1063	0.5	5	0.5
1064	5.5	6.5	5
1065	2	5.5	0.5
1066	4.5	8.5	1
1067	4.5	5.5	3
1068	4.5	5	4.5
1069	2	3.5	3.5
1070	0.5	3	4.5
1071	4.5	7	1.5
1072	0.5	4.5	1
1073	2	4.5	1.5
1074	1.5	3.5	3
1075	3.5	4.5	3
1076	2.5	3.5	5
1077	5.5	9	2.5
1078	4	4.5	4.5
1079	5.5	7	3.5
1080	0	3.5	2.5
1081	4	8.5	0.5
1082	6	8.5	4.5
1083	5.5	7.5	3
1084	3.5	7	0.5
1085	5.5	6.5	4.5
1086	2.5	3.5	4.5
1087	5.5	8.5	2.5
1088	0.5	3.5	2.5
1089	3.5	5.5	1.5
1090	6	9	4
1091	1	3	5
1092	6	8	5
1093	0	3	4
1094	4.5	5	4
1095	6	8	4.5
1096	0.5	3	4
1097	4.5	8	1
1098	3	5.5	1
1099	0	4	1.5
1100	4	4.5	4
1101	3.5	9	0
1102	1	5	0.5
1103	0	5.5	0
1104	3.5	5	2
1105	6	8.5	4
1106	3.5	6	1
1107	1	3	4.5
1108	3.5	4	5
1109	1	4.5	1
1110	4	5.5	2
1111	4	6	1.5
1112	5	5.5	5
1113	3	5	1.5
1114	5	9	1.5
1115	4	8	0.5
1116	2.5	4	2.5
1117	5.5	6.5	4
1118	2.5	6.5	0
1119	2.5	3.5	4
1120	3.5	4	4.5
1121	5.5	8	2.5
1122	5	6.5	2.5
1123	3.5	8.5	0
1124	1	3.5	2.5
1125	0.5	4	1.5
1126	5	5.5	4.5
1127	0.5	5.5	0
1128	5	8.5	1.5
1129	6	8	4
1130	3	7	0
1131	1	3	4
1132	3	4	3
1133	2	6	0
1134	2	4	2
1135	5	6	3
1136	5	7	2
1137	2.5	5	1
1138	4.5	6	2
1139	2	3.5	3
1140	3.5	8	0
1141	3	4.5	2
1142	1	4	1.5
1143	3	6	0.5
1144	6	9	3.5
1145	1.5	3	5
1146	3.5	4	4
1147	6	7.5	5
1148	4	5	2.5
1149	1	5.5	0
1150	0	3	3.5
1151	4	6.5	1
1152	5	5.5	4
1153	5	8	1.5
1154	5.5	7	3
1155	0.5	3	3.5
1156	4.5	7.5	1
1157	6	8.5	3.5
1158	4.5	5	3.5
1159	1.5	3	4.5
1160	1.5	5	0.5
1161	1.5	4.5	1
1162	6	7.5	4.5
1163	4	4.5	3.5
1164	4	7.5	0.5
1165	4.5	6.5	1.5
1166	4.5	5.5	2.5
1167	2.5	5.5	0.5
1168	2.5	3.5	3.5
1169	5.5	7.5	2.5
1170	1.5	3.5	2.5
1171	5.5	6.5	3.5
1172	2.5	4.5	1.5
1173	3.5	4.5	2.5
1174	3.5	6.5	0.5
1175	6	7.5	4
1176	6	8	3.5
1177	0	3.5	2
1178	1	3	3.5
1179	3	3.5	5
1180	1.5	3	4
1181	5.5	9	2
1182	5.5	6	5
1183	1.5	5.5	0
1184	3	3.5	4.5
1185	0.5	3.5	2
1186	1.5	4	1.5
1187	3.5	4	3.5
1188	5.5	8.5	2
1189	3.5	7.5	0
1190	5	5.5	3.5
1191	5.5	6	4.5
1192	5	7.5	1.5
1193	6	7	5
1194	2	3	5
1195	0	3	3
1196	6	9	3
1197	0.5	3	3
1198	4.5	5	3
1199	2	5	0.5
1200	2	4.5	1
1201	3	3.5	4
1202	6	7	4.5
1203	2.5	6	0
1204	3	6.5	0
1205	2	3	4.5
1206	2.5	4	2
1207	5.5	6	4
1208	5.5	8	2
1209	5	6	2.5
1210	4.5	7	1
1211	1	3.5	2
1212	6	8.5	3
1213	3	4	2.5
1214	4	4.5	3
1215	4	7	0.5
1216	5	6.5	2
1217	4.5	9	0.5
1218	2	3.5	2.5
1219	5.5	6.5	3
1220	1.5	3	3.5
1221	3.5	5.5	1
1222	6	7.5	3.5
1223	2.5	3.5	3
1224	4.5	4.5	5
1225	0	4.5	0.5
1226	4	5.5	1.5
1227	3.5	5	1.5
1228	5.5	7	2.5
1229	4.5	8.5	0.5
1230	0.5	4.5	0.5
1231	4.5	4.5	4.5
1232	6	7	4
1233	2	3	4
1234	3	5	1
1235	1	3	3
1236	0	5	0
1237	6	8	3
1238	5	5	5
1239	4	9	0
1240	4	4	5
1241	4	6	1
1242	5	9	1
1243	0	4	1
1244	4	5	2
1245	0.5	5	0
1246	2	5.5	0
1247	2	4	1.5
1248	5	8.5	1
1249	3.5	4	3
1250	4	8.5	0
1251	0.5	4	1
1252	3.5	7	0
1253	5	5.5	3
1254	5	5	4.5
1255	4	4	4.5
1256	5	7	1.5
1257	4.5	8	0.5
1258	3	3.5	3.5
1259	4.5	6	1.5
1260	5.5	7.5	2
1261	4.5	4.5	4
1262	5.5	6	3.5
1263	3	4.5	1.5
1264	3	5.5	0.5
1265	3.5	4.5	2
1266	1.5	3.5	2
1267	4.5	5.5	2
1268	1	4.5	0.5
1269	3.5	6	0.5
1270	1	5	0
1271	5	8	1
1272	4	8	0
1273	1	4	1
1274	4	4	4
1275	5	5	4
1276	6	6.5	5
1277	6	9	2.5
1278	6	7	3.5
1279	2.5	3	5
1280	1.5	3	3
1281	2	3	3.5
1282	0	2.5	5
1283	6.5	9	5
1284	6	7.5	3
1285	0	3	2.5
1286	2.5	5	0.5
1287	0.5	3	2.5
1288	4.5	6.5	1
1289	0	3.5	1.5
1290	4.5	5	2.5
1291	6	6.5	4.5
1292	0.5	2.5	5
1293	2.5	3	4.5
1294	6	8.5	2.5
1295	4	4.5	2.5
1296	0	2.5	4.5
1297	2.5	4.5	1
1298	5.5	5.5	5
1299	3.5	3.5	5
1300	5.5	9	1.5
1301	6.5	8.5	5
1302	6.5	9	4.5
1303	4	6.5	0.5
1304	4.5	7.5	0.5
1305	2.5	3.5	2.5
1306	0.5	2.5	4.5
1307	5.5	6.5	2.5
1308	0.5	3.5	1.5
1309	4.5	4.5	3.5
1310	1.5	4.5	0.5
1311	3.5	3.5	4.5
1312	5.5	8.5	1.5
1313	5.5	5.5	4.5
1314	6.5	8.5	4.5
1315	3	6	0
1316	3	4	2
1317	5	6	2
1318	6	6.5	4
1319	6.5	8	5
1320	3	3.5	3
1321	1.5	5	0
1322	2.5	3	4
1323	5	7.5	1
1324	4	7.5	0
1325	6	8	2.5
1326	2	3.5	2
1327	1	2.5	5
1328	0	2.5	4
1329	1	3	2.5
1330	1.5	4	1
1331	4	4	3.5
1332	5	5	3.5
1333	5.5	6	3
1334	6.5	9	4
1335	5.5	7	2
1336	2.5	4	1.5
1337	0.5	2.5	4
1338	5	5.5	2.5
1339	6.5	8	4.5
1340	3.5	6.5	0
1341	3.5	3.5	4
1342	1	3.5	1.5
1343	1	2.5	4.5
1344	2.5	5.5	0
1345	3.5	4	2.5
1346	6.5	8.5	4
1347	5.5	8	1.5
1348	5	6.5	1.5
1349	5.5	5.5	4
1350	2	3	3
1351	6	7	3
1352	6.5	8	4
1353	1	2.5	4
1354	3.5	5	1
1355	4	5	1.5
1356	4	5.5	1
1357	4.5	7	0.5
1358	2.5	3	3.5
1359	6	6.5	3.5
1360	6.5	7.5	5
1361	1.5	3	2.5
1362	0	2.5	3.5
1363	1.5	2.5	5
1364	4.5	4.5	3
1365	2	4.5	0.5
1366	6	7.5	2.5
1367	6.5	9	3.5
1368	4.5	5.5	1.5
1369	0.5	2.5	3.5
1370	5.5	5.5	3.5
1371	1.5	2.5	4.5
1372	1.5	3.5	1.5
1373	3.5	3.5	3.5
1374	5.5	7.5	1.5
1375	6.5	7.5	4.5
1376	3.5	4.5	1.5
1377	3.5	5.5	0.5
1378	6.5	8.5	3.5
1379	2	5	0
1380	5	5	3
1381	3	3	5
1382	0	3	2
1383	2	4	1
1384	5	7	1
1385	6	9	2
1386	6	6	5
1387	4	7	0
1388	4	4	3
1389	4.5	5	2
1390	0.5	3	2
1391	3	3	4.5
1392	4.5	6	1
1393	3	4.5	1
1394	0	4.5	0
1395	5	4.5	5
1396	6	8.5	2
1397	4.5	9	0
1398	4.5	4	5
1399	0	4	0.5
1400	3	5	0.5
1401	4	4.5	2
1402	5	9	0.5
1403	6	6	4.5
1404	4	6	0.5
1405	6.5	7.5	4
1406	3	3.5	2.5
1407	6.5	8	3.5
1408	4.5	8.5	0
1409	0.5	4.5	0
1410	1	2.5	3.5
1411	5.5	6	2.5
1412	2.5	3.5	2
1413	1.5	2.5	4
1414	4.5	4	4.5
1415	0.5	4	0.5
1416	5	8.5	0.5
1417	5.5	6.5	2
1418	5	4.5	4.5
1419	3	3	4
1420	6	8	2
1421	1	3	2
1422	6	6	4
1423	6	6.5	3
1424	4.5	4	4
1425	6.5	7	5
1426	4.5	8	0
1427	5.5	5	5
1428	2.5	3	3
1429	6.5	9	3
1430	1	4	0.5
1431	4	3.5	5
1432	6	7	2.5
1433	0	2.5	3
1434	3	4	1.5
1435	1	4.5	0
1436	3	5.5	0
1437	2	3	2.5
1438	3.5	6	0
1439	5	6	1.5
1440	5	5.5	2
1441	0	3.5	1
1442	5	8	0.5
1443	3.5	4	2
1444	2	2.5	5
1445	5.5	9	1
1446	5	4.5	4
1447	5.5	5	4.5
1448	2	3.5	1.5
1449	3.5	3.5	3
1450	0.5	2.5	3
1451	6.5	8.5	3
1452	0.5	3.5	1
1453	2	2.5	4.5
1454	4	3.5	4.5
1455	5.5	7	1.5
1456	6.5	7	4.5
1457	5.5	5.5	3
1458	5.5	8.5	1
1459	4.5	6.5	0.5
1460	2.5	4.5	0.5
1461	6.5	7.5	3.5
1462	1.5	2.5	3.5
1463	4.5	4.5	2.5
1464	6.5	8	3
1465	2.5	5	0
1466	3	3	3.5
1467	2.5	4	1
1468	5.5	5	4
1469	6	7.5	2
1470	5	5	2.5
1471	5	6.5	1
1472	2	2.5	4
1473	1	2.5	3
1474	4	6.5	0
1475	4	3.5	4
1476	6.5	7	4
1477	1.5	3	2
1478	1	3.5	1
1479	4	4	2.5
1480	6	6	3.5
1481	5.5	8	1
1482	4.5	7.5	0
1483	5	4.5	3.5
1484	1.5	4.5	0
1485	1.5	4	0.5
1486	4.5	4	3.5
1487	5	7.5	0.5
1488	4	5	1
1489	0	3	1.5
1490	5.5	6	2
1491	6	9	1.5
1492	3	3.5	2
1493	6	5.5	5
1494	3.5	3	5
1495	6.5	6.5	5
1496	4.5	5.5	1
1497	6.5	7.5	3
1498	6	6.5	2.5
1499	0.5	3	1.5
1500	2.5	3	2.5
1501	4.5	5	1.5
1502	3.5	3	4.5
1503	5.5	5	3.5
1504	6.5	9	2.5
1505	6.5	7	3.5
1506	6	8.5	1.5
1507	6	5.5	4.5
1508	3.5	4.5	1
1509	1.5	2.5	3
1510	2.5	2.5	5
1511	4	3.5	3.5
1512	1.5	3.5	1
1513	2	2.5	3.5
1514	0	2.5	2.5
1515	4	4.5	1.5
1516	3.5	5	0.5
1517	4	5.5	0.5
1518	5.5	7.5	1
1519	2.5	2.5	4.5
1520	6.5	6.5	4.5
1521	0.5	2.5	2.5
1522	6.5	8.5	2.5
1523	2.5	3.5	1.5
1524	3.5	3.5	2.5
1525	5.5	6.5	1.5
1526	5.5	5.5	2.5
1527	3	3	3
1528	2	3	2
1529	7	9	5
1530	0	2	5
1531	6	6	3
1532	6	7	2
1533	6	5.5	4
1534	4.5	7	0
1535	7	8.5	5
1536	4.5	4	3
1537	6	8	1.5
1538	0	2	4.5
1539	2	4.5	0
1540	0.5	2	5
1541	3.5	3	4
1542	5	4.5	3
1543	5	7	0.5
1544	1	3	1.5
1545	2	4	0.5
1546	7	9	4.5
1547	6.5	8	2.5
1548	4.5	6	0.5
1549	6.5	6.5	4
1550	2.5	2.5	4
1551	0.5	2	4.5
1552	4.5	4.5	2
1553	3	4.5	0.5
1554	3.5	5.5	0
1555	1	2.5	2.5
1556	5	5.5	1.5
1557	7	8.5	4.5
1558	3.5	4	1.5
1559	4	6	0
1560	5	6	1
1561	5	4	5
1562	5	9	0
1563	0	4	0
1564	1	2	5
1565	0	2	4
1566	3	4	1
1567	3	5	0
1568	5	5	2
1569	4	4	2
1570	7	9	4
1571	7	8	5
1572	2	3.5	1
1573	5.5	5	3
1574	6.5	7	3
1575	5	4	4.5
1576	0.5	2	4
1577	5	8.5	0
1578	1	2	4.5
1579	2	2.5	3
1580	4	3.5	3
1581	0.5	4	0
1582	7	8.5	4
1583	5.5	7	1
1584	7	8	4.5
1585	5.5	4.5	5
1586	6	7.5	1.5
1587	0	3.5	0.5
1588	3.5	3	3.5
1589	4.5	3.5	5
1590	1.5	3	1.5
1591	6	5.5	3.5
1592	5.5	9	0.5
1593	6.5	6.5	3.5
1594	2.5	2.5	3.5
1595	1.5	2.5	2.5
1596	4.5	3.5	4.5
1597	0.5	3.5	0.5
1598	6.5	7.5	2.5
1599	5.5	4.5	4.5
1600	5.5	8.5	0.5
1601	5	4	4
1602	5	8	0
1603	1	2	4
1604	1	4	0
1605	7	8	4
1606	7	7.5	5
1607	2.5	3	2
1608	3	3	2.5
1609	0	2.5	2
1610	7	9	3.5
1611	6	6.5	2
1612	6	6	2.5
1613	0	2	3.5
1614	1.5	2	5
1615	3	2.5	5
1616	6.5	6	5
1617	6.5	9	2
1618	4.5	3.5	4
1619	5.5	4.5	4
1620	0.5	2	3.5
1621	3	2.5	4.5
1622	4.5	6.5	0
1623	2.5	4	0.5
1624	7	7.5	4.5
1625	3	3.5	1.5
1626	2.5	4.5	0
1627	3.5	3.5	2
1628	4.5	4	2.5
1629	5.5	6	1.5
1630	7	8.5	3.5
1631	5	4.5	2.5
1632	1.5	2	4.5
1633	0.5	2.5	2
1634	1	3.5	0.5
1635	5	6.5	0.5
1636	5.5	8	0.5
1637	5.5	5.5	2
1638	6.5	6	4.5
1639	6.5	8.5	2
1640	6	9	1
1641	0	3	1
1642	4	3	5
1643	6	5	5
1644	6	8.5	1
1645	4.5	5	1
1646	6.5	8	2
1647	6	5.5	3
1648	0.5	3	1
1649	4	4.5	1
1650	3.5	3	3
1651	3	2.5	4
1652	6	7	1.5
1653	1.5	2	4
1654	1	2.5	2
1655	1	2	3.5
1656	5	7.5	0
1657	6	5	4.5
1658	2	3	1.5
1659	1.5	4	0
1660	5	4	3.5
1661	7	7.5	4
1662	4	5	0.5
1663	4	3	4.5
1664	6.5	6	4
1665	7	8	3.5
1666	6.5	6.5	3
1667	5.5	5	2.5
1668	2.5	2.5	3
1669	6.5	7	2.5
1670	4	3.5	2.5
1671	2.5	3.5	1
1672	2	2.5	2.5
1673	5.5	6.5	1
1674	4.5	5.5	0.5
1675	4.5	4.5	1.5
1676	4.5	3.5	3.5
1677	5.5	4.5	3.5
1678	1.5	3.5	0.5
1679	3.5	4.5	0.5
1680	5.5	7.5	0.5
1681	6	8	1
1682	6	5	4
1683	7	7	5
1684	0	2	3
1685	7	9	3
1686	2	2	5
1687	1	3	1
1688	4	3	4
1689	7	7	4.5
1690	0.5	2	3
1691	5	5.5	1
1692	3.5	5	0
1693	5	5	1.5
1694	7	8.5	3
1695	2	2	4.5
1696	4	5.5	0
1697	3.5	4	1
1698	4	4	1.5
1699	1.5	2	3.5
1700	1.5	2.5	2
1701	7	7.5	3.5
1702	3	2.5	3.5
1703	6.5	7.5	2
1704	6.5	6	3.5
1705	2	2	4
1706	1	2	3
1707	3	3	2
1708	6	6	2
1709	5	7	0
1710	7	7	4
1711	7	8	3
1712	2	4	0
1713	5	4	3
1714	6	7.5	1
1715	3	4.5	0
1716	4.5	6	0
1717	5	6	0.5
1718	3	4	0.5
1719	1.5	3	1
1720	4.5	4	2
1721	5	4.5	2
1722	6	5	3.5
1723	4	3	3.5
1724	2.5	3	1.5
1725	6	6.5	1.5
1726	6	5.5	2.5
1727	0	2.5	1.5
1728	6.5	5.5	5
1729	6.5	9	1.5
1730	3.5	3	2.5
1731	4.5	3.5	3
1732	2	3.5	0.5
1733	3.5	2.5	5
1734	5.5	4.5	3
1735	5.5	7	0.5
1736	6.5	6.5	2.5
1737	0.5	2.5	1.5
1738	3.5	2.5	4.5
1739	2.5	2.5	2.5
1740	6.5	8.5	1.5
1741	3.5	3.5	1.5
1742	6.5	5.5	4.5
1743	5.5	5.5	1.5
1744	5.5	6	1
1745	7	9	2.5
1746	3	2.5	3
1747	3	3.5	1
1748	7	7	3.5
1749	7	6.5	5
1750	5.5	9	0
1751	0	3.5	0
1752	6.5	6	3
1753	5.5	5	2
1754	2	2	3.5
1755	1.5	2	3
1756	2.5	2	5
1757	0	2	2.5
1758	5	3.5	5
1759	4	3.5	2
1760	7	7.5	3
1761	2	2.5	2
1762	5.5	4	5
1763	6.5	7	2
1764	6.5	5.5	4
1765	7	6.5	4.5
1766	0.5	2	2.5
1767	6.5	8	1.5
1768	7	8.5	2.5
1769	3.5	2.5	4
1770	2.5	2	4.5
1771	5.5	8.5	0
1772	0.5	3.5	0
1773	5	3.5	4.5
1774	1	2.5	1.5
1775	5.5	4	4.5
1776	6	5	3
1777	6	7	1
1778	2	3	1
1779	4	3	3
1780	4.5	3	5
1781	6	9	0.5
1782	7	6.5	4
1783	5	6.5	0
1784	5	4	2.5
1785	7.5	9	5
1786	2.5	2	4
1787	0	3	0.5
1788	7	8	2.5
1789	0	1.5	5
1790	2.5	4	0
1791	1	2	2.5
1792	1	3.5	0
1793	5.5	8	0
1794	5.5	4	4
1795	6	4.5	5
1796	5	3.5	4
1797	4.5	3	4.5
1798	6	8.5	0.5
1799	4.5	5	0.5
1800	0.5	3	0.5
1801	4.5	4.5	1
1802	0.5	1.5	5
1803	7.5	9	4.5
1804	6	4.5	4.5
1805	0	1.5	4.5
1806	7.5	8.5	5
1807	4	4.5	0.5
1808	5.5	4.5	2.5
1809	0.5	1.5	4.5
1810	6.5	5.5	3.5
1811	6.5	7.5	1.5
1812	7.5	8.5	4.5
1813	1.5	2.5	1.5
1814	4.5	3.5	2.5
1815	2.5	3.5	0.5
1816	3.5	2.5	3.5
1817	5.5	6.5	0.5
1818	7	7	3
1819	4	5	0
1820	2	2	3
1821	5	5	1
1822	4	4	1
1823	6	8	0.5
1824	4.5	3	4
1825	3.5	3	2
1826	6	6	1.5
1827	3	3	1.5
1828	6	5.5	2
1829	7.5	9	4
1830	1	1.5	5
1831	6	4.5	4
1832	0	1.5	4
1833	1	3	0.5
1834	7.5	8	5
1835	4.5	5.5	0
1836	2.5	2	3.5
1837	7	7.5	2.5
1838	3	2.5	2.5
1839	4.5	4	1.5
1840	2.5	2.5	2
1841	1.5	2	2.5
1842	7	6.5	3.5
1843	1	1.5	4.5
1844	7.5	8.5	4
1845	0.5	1.5	4
1846	6.5	6	2.5
1847	5	5.5	0.5
1848	3.5	4.5	0
1849	1.5	3.5	0
1850	5	4.5	1.5
1851	5	3.5	3.5
1852	5.5	7.5	0
1853	3.5	4	0.5
1854	5.5	4	3.5
1855	6.5	6.5	2
1856	7.5	8	4.5
1857	0	2	2
1858	3	2	5
1859	7	9	2
1860	7	6	5
1861	6	5	2.5
1862	6	6.5	1
1863	2.5	3	1
1864	3	2	4.5
1865	0	2.5	1
1866	1	1.5	4
1867	6.5	9	1
1868	7	8.5	2
1869	0.5	2	2
1870	4	3	2.5
1871	4	2.5	5
1872	7	6	4.5
1873	6.5	5	5
1874	7.5	8	4
1875	6	7.5	0.5
1876	4.5	3	3.5
1877	2	2.5	1.5
1878	3.5	3.5	1
1879	1.5	1.5	5
1880	7.5	9	3.5
1881	3.5	2.5	3
1882	0.5	2.5	1
1883	0	1.5	3.5
1884	6.5	5.5	3
1885	6.5	8.5	1
1886	6.5	7	1.5
1887	7.5	7.5	5
1888	5.5	5	1.5
1889	1.5	3	0.5
1890	4	2.5	4.5
1891	4	3.5	1.5
1892	6	4.5	3.5
1893	5.5	5.5	1
1894	6.5	5	4.5
1895	0.5	1.5	3.5
1896	1.5	1.5	4.5
1897	7.5	7.5	4.5
1898	7.5	8.5	3.5
1899	3	2	4
1900	5	6	0
1901	1	2	2
1902	3	4	0
1903	7	8	2
1904	5	4	2
1905	7	6	4
1906	6.5	8	1
1907	7	7	2.5
1908	2.5	2	3
1909	2	3.5	0
1910	7	6.5	3
1911	2	2	2.5
1912	5	3.5	3
1913	5.5	7	0
1914	1	2.5	1
1915	5.5	4	3
1916	6.5	5	4
1917	4	2.5	4
1918	7.5	7.5	4
1919	5.5	4.5	2
1920	1.5	1.5	4
1921	1	1.5	3.5
1922	5.5	6	0.5
1923	4.5	3.5	2
1924	3	3.5	0.5
1925	7.5	8	3.5
1926	4.5	3	3
1927	3	2	3.5
1928	6	4.5	3
1929	6	7	0.5
1930	0	1.5	3
1931	2	1.5	5
1932	1.5	2	2
1933	3	2.5	2
1934	7.5	7	5
1935	2	3	0.5
1936	6.5	6	2
1937	7	7.5	2
1938	7.5	9	3
1939	7	6	3.5
1940	6.5	7.5	1
1941	0.5	1.5	3
1942	6	5.5	1.5
1943	1.5	2.5	1
1944	7.5	7	4.5
1945	2	1.5	4.5
1946	3.5	3	1.5
1947	5.5	3.5	5
1948	6.5	5	3.5
1949	4	2.5	3.5
1950	7.5	8.5	3
1951	2.5	2.5	1.5
1952	3.5	2.5	2.5
1953	6.5	5.5	2.5
1954	6.5	6.5	1.5
1955	4.5	4.5	0.5
1956	1.5	1.5	3.5
1957	7.5	7.5	3.5
1958	5.5	3.5	4.5
1959	6	4	5
1960	6	5	2
1961	6	6	1
1962	3	3	1
1963	5	3	5
1964	6	9	0
1965	4	3	2
1966	0	3	0
1967	6	4	4.5
1968	7	9	1.5
1969	4.5	5	0
1970	2	1.5	4
1971	0.5	3	0
1972	4.5	4	1
1973	6	8.5	0
1974	7.5	7	4
1975	1	1.5	3
1976	0	2	1.5
1977	5	3	4.5
1978	5	5	0.5
1979	5	4.5	1
1980	3.5	2	5
1981	4	4.5	0
1982	7	5.5	5
1983	4	4	0.5
1984	7.5	8	3
1985	7	6.5	2.5
1986	3.5	2	4.5
1987	2.5	2	2.5
1988	7	8.5	1.5
1989	5.5	4	2.5
1990	5	3.5	2.5
1991	0.5	2	1.5
1992	5.5	6.5	0
1993	2.5	3.5	0
1994	5.5	3.5	4
1995	7	5.5	4.5
1996	6	4	4
1997	3	2	3
1998	6	8	0
1999	7	7	2
2000	5	3	4
2001	1	3	0
2002	2	2	2
2003	7	6	3
2004	2	2.5	1
2005	7	8	1.5
2006	5.5	5	1
2007	3.5	2	4
2008	5	5.5	0
2009	4	3.5	1
2010	6.5	5	3
2011	1	2	1.5
2012	3.5	4	0
2013	6.5	7	1
2014	5	4	1.5
2015	4	2.5	3
2016	7	5.5	4
2017	6	6.5	0.5
2018	2.5	3	0.5
2019	4.5	3	2.5
2020	7.5	6.5	5
2021	0	1.5	2.5
2022	1.5	1.5	3
2023	2.5	1.5	5
2024	6.5	9	0.5
2025	2	1.5	3.5
2026	6	4.5	2.5
2027	0	2.5	0.5
2028	7.5	7	3.5
2029	7.5	9	2.5
2030	4.5	2.5	5
2031	7.5	7.5	3
2032	6.5	4.5	5
2033	0.5	1.5	2.5
2034	2.5	1.5	4.5
2035	4.5	2.5	4.5
2036	5.5	4.5	1.5
2037	5.5	3.5	3.5
2038	7.5	8.5	2.5
2039	4.5	3.5	1.5
2040	0.5	2.5	0.5
2041	6.5	8.5	0.5
2042	7.5	6.5	4.5
2043	3.5	3.5	0.5
2044	5.5	5.5	0.5
2045	6.5	4.5	4.5
2046	6	4	3.5
2047	5	3	3.5
2048	6	7.5	0
2049	1.5	3	0
2050	6.5	6	1.5
2051	6.5	8	0.5
2052	7.5	6.5	4
2053	7	7.5	1.5
2054	4.5	2.5	4
2055	1.5	2	1.5
2056	2.5	1.5	4
2057	3	2.5	1.5
2058	3.5	2	3.5
2059	1	1.5	2.5
2060	3.5	2.5	2
2061	6.5	4.5	4
2062	6.5	5.5	2
2063	1	2.5	0.5
2064	7.5	8	2.5
2065	7	5.5	3.5
2066	0	1	5
2067	8	9	5
2068	6	5	1.5
2069	3.5	3	1
2070	5.5	6	0
2071	6	5.5	1
2072	7.5	7	3
2073	8	8.5	5
2074	0.5	1	5
2075	3	2	2.5
2076	2	1.5	3
2077	0	1	4.5
2078	2.5	2	2
2079	7	6	2.5
2080	8	9	4.5
2081	7	6.5	2
2082	3	3.5	0
2083	4	3	1.5
2084	5.5	4	2
2085	5	3.5	2
2086	0.5	1	4.5
2087	2.5	2.5	1
2088	6.5	6.5	1
2089	5.5	3.5	3
2090	8	8.5	4.5
2091	6.5	5	2.5
2092	4	2.5	2.5
2093	6.5	7.5	0.5
2094	7.5	6.5	3.5
2095	2.5	1.5	3.5
2096	7.5	7.5	2.5
2097	1.5	1.5	2.5
2098	4.5	2.5	3.5
2099	1.5	2.5	0.5
2100	6.5	4.5	3.5
2101	6	4	3
2102	1	1	5
2103	8	8	5
2104	4	2	5
2105	0	2	1
2106	0	1	4
2107	8	9	4
2108	5	3	3
2109	6	7	0
2110	2	3	0
2111	7	5	5
2112	7	9	1
2113	6	6	0.5
2114	1	1	4.5
2115	7	7	1.5
2116	0.5	1	4
2117	3.5	2	3
2118	7.5	6	5
2119	3	3	0.5
2120	3	1.5	5
2121	0	1.5	2
2122	8	8.5	4
2123	6	4.5	2
2124	8	8	4.5
2125	4.5	3	2
2126	0.5	2	1
2127	2	2	1.5
2128	7.5	9	2
2129	4	2	4.5
2130	7	5	4.5
2131	7	8.5	1
2132	7	5.5	3
2133	4.5	4	0.5
2134	7.5	6	4.5
2135	3	1.5	4.5
2136	5	4.5	0.5
2137	4.5	4.5	0
2138	0.5	1.5	2
2139	7.5	8.5	2
2140	5	5	0
2141	1	1	4
2142	8	8	4
2143	1	2	1
2144	4	4	0
2145	5	4	1
2146	4	2	4
2147	7	5	4
2148	7	8	1
2149	3	1.5	4
2150	7.5	6	4
2151	1.5	1	5
2152	8	7.5	5
2153	1	1.5	2
2154	0	1	3.5
2155	8	9	3.5
2156	6	3.5	5
2157	5.5	3	5
2158	7.5	8	2
2159	1.5	1	4.5
2160	4.5	2.5	3
2161	5.5	4.5	1
2162	0.5	1	3.5
2163	5.5	5	0.5
2164	8	7.5	4.5
2165	2	2.5	0.5
2166	2.5	1.5	3
2167	2	1.5	2.5
2168	7.5	7	2.5
2169	4.5	3.5	1
2170	6	3.5	4.5
2171	8	8.5	3.5
2172	6.5	4.5	3
2173	6.5	7	0.5
2174	5.5	3	4.5
2175	4	3.5	0.5
2176	7.5	6.5	3
2177	6.5	5.5	1.5
2178	5.5	3.5	2.5
2179	3.5	2.5	1.5
2180	3	2	2
2181	7	6	2
2182	3	2.5	1
2183	6	6.5	0
2184	5	3	2.5
2185	6	4	2.5
2186	6.5	6	1
2187	1	1	3.5
2188	6.5	4	5
2189	0	2.5	0
2190	5.5	3	4
2191	1.5	2	1
2192	2.5	3	0
2193	8	7.5	4
2194	6.5	5	2
2195	1.5	1	4
2196	6.5	9	0
2197	8	8	3.5
2198	6	3.5	4
2199	5	2.5	5
2200	7	5	3.5
2201	4	2.5	2
2202	7	7.5	1
2203	4	2	3.5
2204	7	6.5	1.5
2205	3	1.5	3.5
2206	6.5	8.5	0
2207	7.5	6	3.5
2208	5	2.5	4.5
2209	1.5	1.5	2
2210	6.5	4	4.5
2211	5	3.5	1.5
2212	2.5	2	1.5
2213	5.5	4	1.5
2214	3.5	3.5	0
2215	3.5	2	2.5
2216	7.5	7.5	2
2217	0.5	2.5	0
2218	5.5	5.5	0
2219	7	5.5	2.5
2220	6	5	1
2221	8	7	5
2222	4	3	1
2223	0	1	3
2224	8	9	3
2225	2	1	5
2226	8	7	4.5
2227	8	8.5	3
2228	6.5	8	0
2229	0.5	1	3
2230	2	1	4.5
2231	5	2.5	4
2232	6.5	4	4
2233	1	2.5	0
2234	6	5.5	0.5
2235	8	7.5	3.5
2236	6	4.5	1.5
2237	4.5	3	1.5
2238	0	1.5	1.5
2239	5.5	3	3.5
2240	1.5	1	3.5
2241	3.5	1.5	5
2242	3.5	3	0.5
2243	7.5	9	1.5
2244	6	3.5	3.5
2245	7.5	5.5	5
2246	2.5	1.5	2.5
2247	3.5	1.5	4.5
2248	2.5	2.5	0.5
2249	4.5	2.5	2.5
2250	6.5	4.5	2.5
2251	7.5	6.5	2.5
2252	0.5	1.5	1.5
2253	6.5	6.5	0.5
2254	7.5	5.5	4.5
2255	7.5	8.5	1.5
2256	8	8	3
2257	8	7	4
2258	1	1	3
2259	2	2	1
2260	2	1	4
2261	4	2	3
2262	7	7	1
2263	7	5	3
2264	7.5	7	2
2265	0	2	0.5
2266	4.5	2	5
2267	3	1.5	3
2268	7	9	0.5
2269	7.5	6	3
2270	2	1.5	2
2271	7	4.5	5
2272	6.5	4	3.5
2273	4.5	2	4.5
2274	6.5	7.5	0
2275	7	8.5	0.5
2276	1.5	2.5	0
2277	5	2.5	3.5
2278	3.5	1.5	4
2279	5.5	3.5	2
2280	0.5	2	0.5
2281	1	1.5	1.5
2282	7.5	8	1.5
2283	7.5	5.5	4
2284	7	4.5	4.5
2285	6	4	2
2286	5	3	2
2287	3	3	0
2288	6	6	0
2289	8	6.5	5
2290	8	7	3.5
2291	6	3.5	3
2292	7	6	1.5
2293	4.5	4	0
2294	4.5	2	4
2295	2.5	1	5
2296	0	1	2.5
2297	8	7.5	3
2298	5.5	3	3
2299	8	9	2.5
2300	2	1	3.5
2301	5	4.5	0
2302	7	8	0.5
2303	3.5	2	2
2304	3	2	1.5
2305	1.5	1	3
2306	1	2	0.5
2307	5	4	0.5
2308	7	5.5	2
2309	7	4.5	4
2310	8	6.5	4.5
2311	3.5	2.5	1
2312	6.5	5.5	1
2313	6.5	5	1.5
2314	2.5	1	4.5
2315	8	8.5	2.5
2316	0.5	1	2.5
2317	4	2.5	1.5
2318	5.5	4.5	0.5
2319	3.5	1.5	3.5
2320	7.5	7.5	1.5
2321	1.5	1.5	1.5
2322	4.5	3.5	0.5
2323	7.5	5.5	3.5
2324	8	6.5	4
2325	5.5	5	0
2326	5.5	4	1
2327	5	3.5	1
2328	7	6.5	1
2329	2.5	2	1
2330	2.5	1	4
2331	8	8	2.5
2332	6.5	7	0
2333	6.5	4	3
2334	2	2.5	0
2335	1	1	2.5
2336	5	2.5	3
2337	4	2	2.5
2338	4	3.5	0
2339	7	5	2.5
2340	6.5	6	0.5
2341	4.5	2	3.5
2342	7.5	6	2.5
2343	7.5	6.5	2
2344	6.5	4.5	2
2345	1.5	2	0.5
2346	2.5	1.5	2
2347	3	1.5	2.5
2348	4.5	2.5	2
2349	3	2.5	0.5
2350	7	7.5	0.5
2351	7	4.5	3.5
2352	8	7	3
2353	2	1	3
2354	6	3	5
2355	6	5	0.5
2356	6	4.5	1
2357	6	3	4.5
2358	0	0.5	5
2359	4.5	3	1
2360	4	1.5	5
2361	0	1.5	1
2362	7.5	5	5
2363	8.5	9	5
2364	4	3	0.5
2365	7.5	9	1
2366	8	6.5	3.5
2367	2.5	1	3.5
2368	7.5	7	1.5
2369	5.5	3	2.5
2370	0	0.5	4.5
2371	0.5	0.5	5
2372	3.5	1.5	3
2373	6	3.5	2.5
2374	1.5	1	2.5
2375	8	7.5	2.5
2376	2	1.5	1.5
2377	4	1.5	4.5
2378	0.5	1.5	1
2379	8.5	9	4.5
2380	8.5	8.5	5
2381	7.5	5	4.5
2382	6.5	3.5	5
2383	5.5	2.5	5
2384	7.5	8.5	1
2385	7.5	5.5	3
2386	0.5	0.5	4.5
2387	5.5	3.5	1.5
2388	6.5	3.5	4.5
2389	5.5	2.5	4.5
2390	8.5	8.5	4.5
2391	6	3	4
2392	8	6	5
2393	3	1	5
2394	0	1	2
2395	8	9	2
2396	8	8.5	2
2397	6	5.5	0
2398	6	4	1.5
2399	8	6	4.5
2400	3	1	4.5
2401	5	3	1.5
2402	4.5	2	3
2403	4	1.5	4
2404	1	0.5	5
2405	3.5	3	0
2406	0.5	1	2
2407	7.5	5	4
2408	0	0.5	4
2409	2	2	0.5
2410	8.5	9	4
2411	7	7	0.5
2412	7	4.5	3
2413	1	1.5	1
2414	8.5	8	5
2415	7.5	8	1
2416	5	2.5	2.5
2417	6.5	4	2.5
2418	1	0.5	4.5
2419	3.5	2	1.5
2420	6.5	6.5	0
2421	0.5	0.5	4
2422	2.5	2.5	0
2423	6.5	3.5	4
2424	7	5.5	1.5
2425	5.5	2.5	4
2426	8.5	8	4.5
2427	8.5	8.5	4
2428	8	8	2
2429	3	2	1
2430	3	1	4
2431	8	6	4
2432	0	2	0
2433	1	1	2
2434	7	9	0
2435	7	5	2
2436	5	2	5
2437	7	6	1
2438	7	4	5
2439	4	2	2
2440	6.5	5	1
2441	8	6.5	3
2442	8	7	2.5
2443	4	2.5	1
2444	1	0.5	4
2445	2	1	2.5
2446	7.5	6	2
2447	2.5	1	3
2448	6	3	3.5
2449	5	2	4.5
2450	7	8.5	0
2451	0.5	2	0
2452	3	1.5	2
2453	7	4	4.5
2454	8.5	8	4
2455	7.5	5	3.5
2456	1.5	0.5	5
2457	0	0.5	3.5
2458	1.5	1.5	1
2459	4	1.5	3.5
2460	8.5	9	3.5
2461	8.5	7.5	5
2462	7.5	7.5	1
2463	6.5	4.5	1.5
2464	7.5	6.5	1.5
2465	3.5	1.5	2.5
2466	0.5	0.5	3.5
2467	2.5	1.5	1.5
2468	6.5	5.5	0.5
2469	1.5	0.5	4.5
2470	5.5	2.5	3.5
2471	4.5	2.5	1.5
2472	3.5	2.5	0.5
2473	6.5	3.5	3.5
2474	8.5	8.5	3.5
2475	7.5	5.5	2.5
2476	8.5	7.5	4.5
2477	7	8	0
2478	1	2	0
2479	5	2	4
2480	5	4	0
2481	7	4	4
2482	8	6	3.5
2483	3	1	3.5
2484	8	7.5	2
2485	5.5	3	2
2486	1.5	1	2
2487	6	3.5	2
2488	5.5	4.5	0
2489	5.5	4	0.5
2490	4.5	2	2.5
2491	1.5	0.5	4
2492	1	0.5	3.5
2493	7	6.5	0.5
2494	2.5	2	0.5
2495	5	3.5	0.5
2496	4.5	3.5	0
2497	7	4.5	2.5
2498	8.5	7.5	4
2499	8.5	8	3.5
2500	6	3	3
2501	6.5	6	0
2502	7.5	5	3
2503	8	5.5	5
2504	0	1	1.5
2505	8	9	1.5
2506	5	2.5	2
2507	0	0.5	3
2508	7.5	7	1
2509	3	2.5	0
2510	2	0.5	5
2511	1.5	2	0
2512	2	1.5	1
2513	3.5	1	5
2514	4	1.5	3
2515	5	2	3.5
2516	7	7.5	0
2517	6.5	4	2
2518	8.5	9	3
2519	7	4	3.5
2520	8.5	7	5
2521	6	4.5	0.5
2522	8	5.5	4.5
2523	8	6.5	2.5
2524	3.5	1	4.5
2525	5.5	3.5	1
2526	2.5	1	2.5
2527	4.5	3	0.5
2528	4.5	1.5	5
2529	7.5	4.5	5
2530	8.5	8.5	3
2531	0	1.5	0.5
2532	0.5	0.5	3
2533	2	0.5	4.5
2534	0.5	1	1.5
2535	8	8.5	1.5
2536	5.5	2.5	3
2537	6.5	3.5	3
2538	7.5	9	0.5
2539	8.5	7	4.5
2540	1.5	0.5	3.5
2541	7.5	4.5	4.5
2542	4.5	1.5	4.5
2543	0.5	1.5	0.5
2544	7.5	8.5	0.5
2545	8.5	7.5	3.5
2546	6	5	0
2547	8	6	3
2548	8	7	2
2549	6	4	1
2550	5	3	1
2551	4	3	0
2552	3	1	3
2553	2	1	2
2554	8	5.5	4
2555	2	0.5	4
2556	3.5	2	1
2557	7	5	1.5
2558	1	0.5	3
2559	8.5	8	3
2560	8	8	1.5
2561	3.5	1	4
2562	1	1	1.5
2563	4	2	1.5
2564	7	5.5	1
2565	8.5	7	4
2566	4.5	1.5	4
2567	3.5	1.5	2
2568	7.5	4.5	4
2569	7.5	6	1.5
2570	1	1.5	0.5
2571	3	1.5	1.5
2572	7.5	5.5	2
2573	7.5	8	0.5
2574	7	7	0
2575	5	2	3
2576	2	2	0
2577	7	4	3
2578	6	3	2.5
2579	7	6	0.5
2580	7	4.5	2
2581	4.5	2	2
2582	3	2	0.5
2583	6.5	3	5
2584	6	2.5	5
2585	6.5	5	0.5
2586	6.5	4.5	1
2587	8	5.5	3.5
2588	7.5	5	2.5
2589	8.5	6.5	5
2590	8	7.5	1.5
2591	0	0.5	2.5
2592	4.5	2.5	1
2593	1.5	1	1.5
2594	2.5	1.5	1
2595	6	2.5	4.5
2596	2	0.5	3.5
2597	7.5	6.5	1
2598	1.5	0.5	3
2599	3.5	1	3.5
2600	2.5	0.5	5
2601	5.5	3	1.5
2602	6	3.5	1.5
2603	4	2.5	0.5
2604	4	1.5	2.5
2605	6.5	3	4.5
2606	8.5	9	2.5
2607	8.5	7.5	3
2608	8.5	7	3.5
2609	2.5	0.5	4.5
2610	8.5	6.5	4.5
2611	7.5	7.5	0.5
2612	8.5	8.5	2.5
2613	7.5	4.5	3.5
2614	0.5	0.5	2.5
2615	1.5	1.5	0.5
2616	4.5	1.5	3.5
2617	5.5	2.5	2.5
2618	6.5	3.5	2.5
2619	3	1	2.5
2620	8	6.5	2
2621	8	6	2.5
2622	2.5	1	2
2623	6	2.5	4
2624	5.5	2	5
2625	7	3.5	5
2626	6.5	3	4
2627	6.5	5.5	0
2628	8.5	6.5	4
2629	5	2.5	1.5
2630	2.5	0.5	4
2631	3.5	2.5	0
2632	1	0.5	2.5
2633	8.5	8	2.5
2634	6.5	4	1.5
2635	7	3.5	4.5
2636	5.5	2	4.5
2637	8	5	5
2638	4	1	5
2639	8	9	1
2640	0	1	1
2641	5.5	4	0
2642	8	5	4.5
2643	8	5.5	3
2644	8	7	1.5
2645	2	1	1.5
2646	5	3.5	0
2647	7	6.5	0
2648	3.5	1	3
2649	2	0.5	3
2650	5	2	2.5
2651	0.5	1	1
2652	8	8.5	1
2653	4	1	4.5
2654	2.5	2	0
2655	5.5	2	4
2656	7	4	2.5
2657	7	3.5	4
2658	8.5	7	3
2659	4.5	1.5	3
2660	7.5	7	0.5
2661	7.5	4.5	3
2662	2	1.5	0.5
2663	6	2.5	3.5
2664	6.5	3	3.5
2665	8.5	6.5	3.5
2666	2.5	0.5	3.5
2667	7.5	5.5	1.5
2668	5.5	3.5	0.5
2669	1.5	0.5	2.5
2670	3.5	1.5	1.5
2671	8.5	7.5	2.5
2672	1	1	1
2673	0	0	5
2674	6	3	2
2675	4	2	1
2676	8	5	4
2677	4	1	4
2678	8	8	1
2679	9	9	5
2680	7	5	1
2681	5	3	0.5
2682	7.5	6	1
2683	6	4	0.5
2684	6	4.5	0
2685	7.5	4	5
2686	7.5	5	2
2687	7.5	9	0
2688	4.5	3	0
2689	0	1.5	0
2690	3	0.5	5
2691	0	0	4.5
2692	5	1.5	5
2693	3	1.5	1
2694	0.5	0	5
2695	0	0.5	2
2696	9	9	4.5
2697	8.5	9	2
2698	9	8.5	5
2699	8.5	6	5
2700	4	1.5	2
2701	3	0.5	4.5
2702	0.5	0.5	2
2703	7.5	8.5	0
2704	4.5	2	1.5
2705	7	4.5	1.5
2706	0.5	0	4.5
2707	8.5	8.5	2
2708	5	1.5	4.5
2709	7.5	4	4.5
2710	0.5	1.5	0
2711	3.5	2	0.5
2712	5.5	2	3.5
2713	5.5	2.5	2
2714	6.5	3.5	2
2715	7	5.5	0.5
2716	8.5	6	4.5
2717	7	3.5	3.5
2718	9	8.5	4.5
2719	9	8	5
2720	8	6	2
2721	0	0	4
2722	1	0	5
2723	3	1	2
2724	9	9	4
2725	6	3.5	1
2726	5.5	3	1
2727	8	5	3.5
2728	3	0.5	4
2729	5	1.5	4
2730	1	0.5	2
2731	1	0	4.5
2732	8.5	8	2
2733	1.5	1	1
2734	0.5	0	4
2735	8	7.5	1
2736	9	8	4.5
2737	4	1	3.5
2738	6.5	3	3
2739	7.5	8	0
2740	6	2.5	3
2741	1	1.5	0
2742	7.5	4	4
2743	9	8.5	4
2744	8.5	6	4
2745	8	5.5	2.5
2746	2.5	0.5	3
2747	2.5	1	1.5
2748	3.5	1	2.5
2749	8.5	6.5	3
2750	8	6.5	1.5
2751	2	0.5	2.5
2752	8.5	7	2.5
2753	7.5	4.5	2.5
2754	6.5	4.5	0.5
2755	4.5	2.5	0.5
2756	7.5	6.5	0.5
2757	4.5	1.5	2.5
2758	2.5	1.5	0.5
2759	7	6	0
2760	7	4	2
2761	1	0	4
2762	9	8	4
2763	3	2	0
2764	5	2	2
2765	6.5	5	0
2766	9	7.5	5
2767	5	2.5	1
2768	0	0	3.5
2769	4	2.5	0
2770	1.5	0	5
2771	6.5	4	1
2772	5.5	2	3
2773	9	9	3.5
2774	7	3.5	3
2775	7.5	4	3.5
2776	7.5	7.5	0
2777	3	0.5	3.5
2778	5	1.5	3.5
2779	1.5	0	4.5
2780	0.5	0	3.5
2781	9	7.5	4.5
2782	1.5	0.5	2
2783	1.5	1.5	0
2784	8.5	7.5	2
2785	8.5	6	3.5
2786	9	8.5	3.5
2787	8	7	1
2788	8	5	3
2789	2	1	1
2790	4	1	3
2791	8	4.5	5
2792	6	3	1.5
2793	9	7.5	4
2794	4.5	1	5
2795	1	0	3.5
2796	0	1	0.5
2797	8	9	0.5
2798	1.5	0	4
2799	9	8	3.5
2800	8	4.5	4.5
2801	7.5	5	1.5
2802	6.5	3	2.5
2803	0.5	1	0.5
2804	6	2.5	2.5
2805	0	0.5	1.5
2806	3.5	1.5	1
2807	4.5	1	4.5
2808	8	8.5	0.5
2809	7.5	5.5	1
2810	3.5	0.5	5
2811	6.5	2.5	5
2812	8.5	9	1.5
2813	4	1.5	1.5
2814	8.5	5.5	5
2815	3.5	0.5	4.5
2816	2.5	0.5	2.5
2817	0.5	0.5	1.5
2818	8.5	6.5	2.5
2819	5.5	2.5	1.5
2820	8.5	8.5	1.5
2821	6.5	3.5	1.5
2822	6.5	2.5	4.5
2823	8.5	5.5	4.5
2824	2	0	5
2825	0	0	3
2826	7	3	5
2827	9	7	5
2828	6	2	5
2829	9	9	3
2830	8	5.5	2
2831	7.5	7	0
2832	4.5	1	4
2833	8	6	1.5
2834	7	3	4.5
2835	3	0.5	3
2836	2	0.5	2
2837	8	8	0.5
2838	4.5	2	1
2839	3.5	1	2
2840	1	1	0.5
2841	3	1	1.5
2842	2	0	4.5
2843	8	4.5	4
2844	9	7	4.5
2845	7	5	0.5
2846	0.5	0	3
2847	5	1.5	3
2848	2	1.5	0
2849	7.5	4	3
2850	6	2	4.5
2851	7	4.5	1
2852	4	2	0.5
2853	8.5	7	2
2854	8.5	6	3
2855	9	8.5	3
2856	7.5	6	0.5
2857	7.5	4.5	2
2858	9	7.5	3.5
2859	5.5	3.5	0
2860	1.5	0	3.5
2861	3.5	0.5	4
2862	5.5	2	2.5
2863	8.5	8	1.5
2864	1	0.5	1.5
2865	6.5	2.5	4
2866	3	1.5	0.5
2867	4.5	1.5	2
2868	7	3.5	2.5
2869	8.5	5.5	4
2870	6	4	0
2871	5	3	0
2872	2	0	4
2873	9	8	3
2874	6	2	4
2875	7	3	4
2876	1	0	3
2877	9	7	4
2878	8	5	2.5
2879	2.5	1	1
2880	8	6.5	1
2881	3.5	2	0
2882	4	1	2.5
2883	5	2	1.5
2884	7	5.5	0
2885	7	4	1.5
2886	6	3.5	0.5
2887	5.5	3	0.5
2888	5.5	1.5	5
2889	8	7.5	0.5
2890	8	4.5	3.5
2891	4.5	1	3.5
2892	1.5	1	0.5
2893	7.5	3.5	5
2894	5.5	1.5	4.5
2895	8.5	7.5	1.5
2896	3.5	0.5	3.5
2897	1.5	0.5	1.5
2898	6.5	2.5	3.5
2899	7.5	3.5	4.5
2900	8.5	5.5	3.5
2901	9	6.5	5
2902	2.5	0	5
2903	6	2.5	2
2904	9	7.5	3
2905	1.5	0	3
2906	9	7	3.5
2907	2	0	3.5
2908	0	0	2.5
2909	6	2	3.5
2910	9	9	2.5
2911	7	3	3.5
2912	6.5	3	2
2913	6.5	4.5	0
2914	3	0.5	2.5
2915	7.5	6.5	0
2916	5	2.5	0.5
2917	7.5	4	2.5
2918	2.5	0	4.5
2919	2.5	0.5	2
2920	5.5	1.5	4
2921	4.5	2.5	0
2922	0.5	0	2.5
2923	9	8.5	2.5
2924	5	1.5	2.5
2925	8.5	6.5	2
2926	2.5	1.5	0
2927	9	6.5	4.5
2928	6.5	4	0.5
2929	8.5	6	2.5
2930	7.5	3.5	4
2931	6	3	1
2932	7.5	5	1
2933	8	4.5	3
2934	9	6.5	4
2935	8	7	0.5
2936	8.5	5	5
2937	4	0.5	5
2938	0	0.5	1
2939	4.5	1	3
2940	2	1	0.5
2941	9	8	2.5
2942	1	0	2.5
2943	2.5	0	4
2944	8.5	9	1
2945	4	1.5	1
2946	7	3.5	2
2947	5.5	2	2
2948	8	5.5	1.5
2949	5.5	2.5	1
2950	8.5	5	4.5
2951	0.5	0.5	1
2952	8.5	8.5	1
2953	3.5	0.5	3
2954	6.5	2.5	3
2955	2	0.5	1.5
2956	4	0.5	4.5
2957	6.5	3.5	1
2958	3.5	1	1.5
2959	8.5	7	1.5
2960	8.5	5.5	3
2961	7.5	4.5	1.5
2962	5.5	1.5	3.5
2963	7.5	3.5	3.5
2964	4.5	1.5	1.5
2965	7.5	5.5	0.5
2966	3.5	1.5	0.5
2967	8	4	5
2968	6	2	3
2969	3	1	1
2970	8	5	2
2971	8	6	1
2972	8	9	0
2973	9	7	3
2974	5	1	5
2975	0	1	0
2976	2	0	3
2977	4	1	2
2978	7	3	3
2979	8	4	4.5
2980	8	8.5	0
2981	8.5	5	4
2982	8.5	8	1
2983	0.5	1	0
2984	1	0.5	1
2985	5	1	4.5
2986	4	0.5	4
2987	2.5	0	3.5
2988	9	6.5	3.5
2989	1.5	0	2.5
2990	9	7.5	2.5
2991	4.5	2	0.5
2992	7	4.5	0.5
2993	9	6	5
2994	8	4	4
2995	7	5	0
2996	8	8	0
2997	3	0	5
2998	5	1	4
2999	0	0	2
3000	1	1	0
3001	5	2	1
3002	4	2	0
3003	7	4	1
3004	9	9	2
3005	7.5	6	0
3006	3	0	4.5
3007	9.5	9	5
3008	0.5	0	2
3009	3	0.5	2
3010	9	8.5	2
3011	7.5	4	2
3012	9	6	4.5
3013	5	1.5	2
3014	3	1.5	0
3015	8.5	6	2
3016	8	4.5	2.5
3017	2.5	1	0.5
3018	6	2.5	1.5
3019	5.5	1.5	3
3020	8.5	5	3.5
3021	8	6.5	0.5
3022	1.5	0.5	1
3023	4.5	1	2.5
3024	8.5	7.5	1
3025	4	0.5	3.5
3026	9.5	9	4.5
3027	7.5	3.5	3
3028	6.5	3	1.5
3029	9.5	8.5	5
3030	2.5	0.5	1.5
3031	3.5	0.5	2.5
3032	6.5	2.5	2.5
3033	8.5	6.5	1.5
3034	8.5	5.5	2.5
3035	9.5	8.5	4.5
3036	3	0	4
3037	9	8	2
3038	1	0	2
3039	9	6	4
3040	8	4	3.5
3041	6	3.5	0
3042	5.5	3	0
3043	8	7.5	0
3044	6	2	2.5
3045	5	1	3.5
3046	1.5	1	0
3047	9	7	2.5
3048	7	3	2.5
3049	2	0	2.5
3050	9	6.5	3
3051	2.5	0	3
3052	7	2.5	5
3053	9.5	9	4
3054	6.5	2	5
3055	9.5	8	5
3056	9.5	8	4.5
3057	7	2.5	4.5
3058	5.5	2	1.5
3059	6.5	2	4.5
3060	7	3.5	1.5
3061	9.5	8.5	4
3062	6	3	0.5
3063	8	5.5	1
3064	8	5	1.5
3065	5	2.5	0
3066	2	0.5	1
3067	3.5	1	1
3068	3	0	3.5
3069	6.5	2	4
3070	1.5	0	2
3071	6.5	4	0
3072	4	0.5	3
3073	9	7.5	2
3074	8.5	7	1
3075	4	1	1.5
3076	8.5	5	3
3077	9	6	3.5
3078	9.5	8	4
3079	6	1.5	5
3080	7	2.5	4
3081	7.5	3	5
3082	7.5	5	0.5
3083	4.5	0.5	5
3084	6	1.5	4.5
3085	8.5	4.5	5
3086	0	0.5	0.5
3087	7.5	4.5	1
3088	4.5	1.5	1
3089	9.5	9	3.5
3090	8.5	9	0.5
3091	7.5	3	4.5
3092	9.5	7.5	5
3093	4	1.5	0.5
3094	8.5	4.5	4.5
3095	5.5	1.5	2.5
3096	5.5	2.5	0.5
3097	0.5	0.5	0.5
3098	4.5	0.5	4.5
3099	8.5	8.5	0.5
3100	7.5	3.5	2.5
3101	6.5	3.5	0.5
3102	9.5	8.5	3.5
3103	9.5	7.5	4.5
3104	8	4	3
3105	5	1	3
3106	8	7	0
3107	2	1	0
3108	8	4.5	2
3109	8	6	0.5
3110	3.5	0	5
3111	0	0	1.5
3112	6	1.5	4
3113	9	5.5	5
3114	3	1	0.5
3115	4.5	1	2
3116	9	9	1.5
3117	7.5	3	4
3118	4.5	0.5	4
3119	3.5	0	4.5
3120	2.5	0	2.5
3121	3.5	0.5	2
3122	0.5	0	1.5
3123	8.5	8	0.5
3124	9	6.5	2.5
3125	1	0.5	0.5
3126	7.5	5.5	0
3127	3	0.5	1.5
3128	8.5	4.5	4
3129	5	1.5	1.5
3130	3.5	1.5	0
3131	8.5	6	1.5
3132	6.5	2.5	2
3133	9	8.5	1.5
3134	6.5	2	3.5
3135	8.5	5.5	2
3136	7	2.5	3.5
3137	9.5	8	3.5
3138	9.5	7.5	4
3139	7.5	4	1.5
3140	9	5.5	4.5
3141	3	0	3
3142	6	2	2
3143	7	3	2
3144	2	0	2
3145	9	7	2
3146	9	6	3
3147	6	2.5	1
3148	5	2	0.5
3149	8	3.5	5
3150	5.5	1	5
3151	9.5	9	3
3152	7	4	0.5
3153	9.5	7	5
3154	3.5	0	4
3155	7	4.5	0
3156	9	8	1.5
3157	1	0	1.5
3158	4.5	2	0
3159	9	5.5	4
3160	6.5	3	1
3161	8	3.5	4.5
3162	5.5	1	4.5
3163	2.5	0.5	1
3164	8.5	5	2.5
3165	8.5	6.5	1
3166	4	0.5	2.5
3167	9.5	8.5	3
3168	9.5	7	4.5
3169	7.5	3	3.5
3170	6	1.5	3.5
3171	8.5	7.5	0.5
3172	8.5	4.5	3.5
3173	1.5	0.5	0.5
3174	4.5	0.5	3.5
3175	9.5	7.5	3.5
3176	5	1	2.5
3177	5.5	1	4
3178	5.5	2	1
3179	8	6.5	0
3180	8	4	2.5
3181	6.5	2	3
3182	8	3.5	4
3183	9.5	7	4
3184	2.5	1	0
3185	9.5	8	3
3186	7	2.5	3
3187	7	3.5	1
3188	3.5	0	3.5
3189	7.5	3.5	2
3190	1.5	0	1.5
3191	9	7.5	1.5
3192	5.5	1.5	2
3193	9	5.5	3.5
3194	8	5	1
3195	4	1	1
3196	6	1.5	3
3197	9	6.5	2
3198	3	0	2.5
3199	2.5	0	2
3200	9	6	2.5
3201	7.5	3	3
3202	8	4.5	1.5
3203	9.5	6.5	5
3204	8	5.5	0.5
3205	5.5	1	3.5
3206	9.5	7.5	3
3207	8	3.5	3.5
3208	8.5	7	0.5
3209	9.5	9	2.5
3210	4.5	0.5	3
3211	8.5	4.5	3
3212	2	0.5	0.5
3213	9.5	7	3.5
3214	4.5	1	1.5
3215	3.5	1	0.5
3216	7.5	4.5	0.5
3217	8.5	5.5	1.5
3218	9.5	6.5	4.5
3219	6.5	2.5	1.5
3220	3.5	0.5	1.5
3221	9.5	8.5	2.5
3222	4.5	1.5	0.5
3223	6	3	0
3224	0	0	1
3225	4	0	5
3226	9	5	5
3227	9	9	1
3228	7.5	5	0
3229	3	0.5	1
3230	9	7	1.5
3231	3.5	0	3
3232	2	0	1.5
3233	8.5	4	5
3234	8.5	5	2
3235	8.5	6	1
3236	8.5	9	0
3237	0.5	0	1
3238	0	0.5	0
3239	5	0.5	5
3240	4	0	4.5
3241	6	2	1.5
3242	7.5	4	1
3243	5	1.5	1
3244	4	0.5	2
3245	7	3	1.5
3246	9	5	4.5
3247	4	1.5	0
3248	9	8.5	1
3249	9	5.5	3
3250	5.5	2.5	0
3251	9.5	6.5	4
3252	6.5	2	2.5
3253	0.5	0.5	0
3254	9.5	8	2.5
3255	8.5	8.5	0
3256	8.5	4	4.5
3257	5	0.5	4.5
3258	6.5	3.5	0
3259	7	2.5	2.5
3260	8	4	2
3261	8	6	0
3262	9	8	1
3263	1	0	1
3264	9	5	4
3265	3	1	0
3266	4	0	4
3267	5	1	2
3268	7	2	5
3269	8	3.5	3
3270	5	0.5	4
3271	5.5	1	3
3272	8.5	4	4
3273	9.5	7	3
3274	1	0.5	0
3275	8.5	8	0
3276	7	2	4.5
3277	6	2.5	0.5
3278	6	1.5	2.5
3279	7.5	2.5	5
3280	7.5	3	2.5
3281	6.5	1.5	5
3282	6.5	3	0.5
3283	2.5	0.5	0.5
3284	9.5	7.5	2.5
3285	9.5	6.5	3.5
3286	8.5	4.5	2.5
3287	4.5	0.5	2.5
3288	8.5	6.5	0.5
3289	6.5	1.5	4.5
3290	5.5	1.5	1.5
3291	7.5	3.5	1.5
3292	7.5	2.5	4.5
3293	5	2	0
3294	9	6	2
3295	3	0	2
3296	7	4	0
3297	7	2	4
3298	9	7.5	1
3299	1.5	0	1
3300	4	0	3.5
3301	9	5	3.5
3302	9.5	9	2
3303	9.5	6	5
3304	2.5	0	1.5
3305	5	0.5	3.5
3306	3.5	0	2.5
3307	8.5	7.5	0
3308	5.5	2	0.5
3309	9.5	8.5	2
3310	8.5	4	3.5
3311	1.5	0.5	0
3312	9	6.5	1.5
3313	7	3.5	0.5
3314	6.5	1.5	4
3315	7.5	2.5	4
3316	9	5.5	2.5
3317	9.5	6	4.5
3318	8	3	5
3319	10	9	5
3320	6	1	5
3321	8	4.5	1
3322	8	5	0.5
3323	6	1	4.5
3324	10	8.5	5
3325	8	3	4.5
3326	9.5	8	2
3327	4	1	0.5
3328	4.5	1	1
3329	7	2.5	2
3330	10	9	4.5
3331	7	2	3.5
3332	6.5	2	2
3333	9.5	6	4
3334	6.5	2.5	1
3335	8	3.5	2.5
3336	5.5	1	2.5
3337	8.5	5.5	1
3338	3.5	0.5	1
3339	8.5	5	1.5
3340	9.5	6.5	3
3341	10	8.5	4.5
3342	4	0.5	1.5
3343	9.5	7	2.5
3344	7.5	2.5	3.5
3345	6.5	1.5	3.5
3346	9	5	3
3347	6	1	4
3348	6	2	1
3349	2	0	1
3350	4	0	3
3351	10	8	5
3352	9	7	1
3353	8	3	4
3354	7	3	1
3355	10	9	4
3356	5	1	1.5
3357	8	5.5	0
3358	5	0.5	3
3359	10	8	4.5
3360	2	0.5	0
3361	10	8.5	4
3362	0	0	0.5
3363	3.5	1	0
3364	8.5	7	0
3365	6	1.5	2
3366	9	4.5	5
3367	7.5	3	2
3368	4.5	0	5
3369	8.5	4	3
3370	8	4	1.5
3371	9	9	0.5
3372	7.5	4.5	0
3373	3	0.5	0.5
3374	9.5	7.5	2
3375	9	8.5	0.5
3376	0.5	0	0.5
3377	4.5	0	4.5
3378	4.5	1.5	0
3379	8.5	4.5	2
3380	5	1.5	0.5
3381	4.5	0.5	2
3382	7.5	4	0.5
3383	8.5	6	0.5
3384	9.5	6	3.5
3385	9	4.5	4.5
3386	10	8	4
3387	7	2	3
3388	10	7.5	5
3389	4.5	0	4
3390	8	3	3.5
3391	9	8	0.5
3392	3.5	0	2
3393	9	6	1.5
3394	3	0	1.5
3395	1	0	0.5
3396	6	1	3.5
3397	10	9	3.5
3398	9	5.5	2
3399	9	4.5	4
3400	5.5	1.5	1
3401	10	7.5	4.5
3402	8.5	3.5	5
3403	9.5	9	1.5
3404	10	8.5	3.5
3405	5.5	0.5	5
3406	7.5	3.5	1
3407	6.5	1.5	3
3408	7.5	2.5	3
3409	9.5	5.5	5
3410	9.5	6.5	2.5
3411	5.5	0.5	4.5
3412	9.5	8.5	1.5
3413	8.5	3.5	4.5
3414	9.5	5.5	4.5
3415	8	3.5	2
3416	6	2.5	0
3417	10	8	3.5
3418	9	6.5	1
3419	2.5	0	1
3420	6.5	3	0
3421	4	0	2.5
3422	9.5	7	2
3423	9	5	2.5
3424	9.5	6	3
3425	5.5	1	2
3426	10	7.5	4
3427	5	0.5	2.5
3428	5.5	0.5	4
3429	9	7.5	0.5
3430	1.5	0	0.5
3431	9.5	8	1.5
3432	2.5	0.5	0
3433	4.5	0	3.5
3434	8.5	6.5	0
3435	8.5	4	2.5
3436	6.5	2	1.5
3437	7	2.5	1.5
3438	8.5	3.5	4
3439	9	4.5	3.5
3440	9.5	5.5	4
3441	8	3	3
3442	6	1	3
3443	10	7	5
3444	10	9	3
3445	4	0.5	1
3446	5.5	2	0
3447	8.5	5	1
3448	10	8.5	3
3449	10	7	4.5
3450	7	3.5	0
3451	7	2	2.5
3452	8	4.5	0.5
3453	10	7.5	3.5
3454	7.5	3	1.5
3455	6	1.5	1.5
3456	4.5	1	0.5
3457	6.5	2.5	0.5
3458	5.5	0.5	3.5
3459	8.5	5.5	0.5
3460	8.5	4.5	1.5
3461	7.5	2.5	2.5
3462	9.5	7.5	1.5
3463	6.5	1.5	2.5
3464	4.5	0.5	1.5
3465	3.5	0.5	0.5
3466	8.5	3.5	3.5
3467	9.5	5.5	3.5
3468	8	5	0
3469	4	1	0
3470	8	4	1
3471	10	8	3
3472	5	1	1
3473	10	7	4
3474	6	2	0.5
3475	7	3	0.5
3476	9	4.5	3
3477	4.5	0	3
3478	2	0	0.5
3479	7	1.5	5
3480	7.5	2	5
3481	9	7	0.5
3482	9.5	6	2.5
3483	9.5	6.5	2
3484	3.5	0	1.5
3485	7	1.5	4.5
3486	7.5	2	4.5
3487	9	5.5	1.5
3488	3	0	1
3489	9	6	1
3490	0	0	0
3491	9	5	2
3492	5	0	5
3493	9	9	0
3494	9	4	5
3495	4	0	2
3496	8	3	2.5
3497	10	7.5	3
3498	8	2.5	5
3499	5	0.5	2
3500	10	6.5	5
3501	8.5	4	2
3502	3	0.5	0
3503	9	8.5	0
3504	10	7	3.5
3505	0.5	0	0
3506	9.5	9	1
3507	5	1.5	0
3508	8.5	6	0
3509	5	0	4.5
3510	7.5	4	0
3511	6.5	1	5
3512	6	1	2.5
3513	7	1.5	4
3514	10	9	2.5
3515	7.5	2	4
3516	9.5	5	5
3517	9	4	4.5
3518	8	3.5	1.5
3519	5.5	0.5	3
3520	8	2.5	4.5
3521	9.5	8.5	1
3522	9.5	7	1.5
3523	10	8.5	2.5
3524	10	6.5	4.5
3525	6.5	1	4.5
3526	5.5	1	1.5
3527	8.5	3.5	3
3528	9.5	5.5	3
3529	9.5	5	4.5
3530	5.5	1.5	0.5
3531	7.5	3.5	0.5
3532	1	0	0
3533	9	8	0
3534	7	2	2
3535	5	0	4
3536	9	4	4
3537	6.5	2	1
3538	9.5	8	1
3539	6.5	1	4
3540	8	2.5	4
3541	10	8	2.5
3542	7	2.5	1
3543	10	6.5	4
3544	9.5	5	4
3545	2.5	0	0.5
3546	7.5	2	3.5
3547	4.5	0	2.5
3548	7.5	2.5	2
3549	7	1.5	3.5
3550	6.5	1.5	2
3551	9	4.5	2.5
3552	9	6.5	0.5
3553	10	7	3
3554	6	1.5	1
3555	1.5	0	0
3556	8.5	3	5
3557	6	0.5	5
3558	9	7.5	0
3559	9.5	6	2
3560	7.5	3	1
3561	5	0	3.5
3562	9	4	3.5
3563	6	0.5	4.5
3564	8.5	5	0.5
3565	8.5	3	4.5
3566	10	7.5	2.5
3567	8	2.5	3.5
3568	6.5	1	3.5
3569	4.5	0.5	1
3570	8.5	4.5	1
3571	9.5	7.5	1
3572	10	6.5	3.5
3573	4	0.5	0.5
3574	9.5	5	3.5
3575	5.5	0.5	2.5
3576	9.5	5.5	2.5
3577	9.5	6.5	1.5
3578	8.5	3.5	2.5
3579	10	6	5
3580	8	3	2
3581	10	9	2
3582	6	1	2
3583	5	1	0.5
3584	6	0.5	4
3585	8	4.5	0
3586	3.5	0	1
3587	10	8.5	2
3588	9	5	1.5
3589	8	4	0.5
3590	10	6	4.5
3591	8.5	3	4
3592	4.5	1	0
3593	4	0	1.5
3594	7.5	2	3
3595	7	1.5	3
3596	9	5.5	1
3597	6.5	2.5	0
3598	5	0.5	1.5
3599	8.5	5.5	0
3600	3.5	0.5	0
3601	8.5	4	1.5
3602	6	2	0
3603	10	8	2
3604	5	0	3
3605	10	6	4
3606	7	3	0
3607	2	0	0
3608	9	7	0
3609	9	4	3
3610	8	2.5	3
3611	5.5	1	1
3612	10	6.5	3
3613	8	3.5	1
3614	9.5	7	1
3615	9	6	0.5
3616	10.5	9	5
3617	6.5	1	3
3618	9	4.5	2
3619	3	0	0.5
3620	10	7	2.5
3621	4.5	0	2
3622	7	2	1.5
3623	9.5	5	3
3624	8.5	3	3.5
3625	9.5	4.5	5
3626	9.5	9	0.5
3627	6	0.5	3.5
3628	10.5	8.5	5
3629	10.5	9	4.5
3630	9.5	8.5	0.5
3631	7.5	2.5	1.5
3632	9.5	4.5	4.5
3633	6.5	1.5	1.5
3634	10.5	8.5	4.5
3635	10	6	3.5
3636	10	7.5	2
3637	5.5	0	5
3638	9	3.5	5
3639	10.5	9	4
3640	10.5	8	5
3641	9.5	6	1.5
3642	5.5	1.5	0
3643	9.5	5.5	2
3644	7.5	3.5	0
3645	5.5	0.5	2
3646	5.5	0	4.5
3647	9.5	8	0.5
3648	7.5	2	2.5
3649	9.5	4.5	4
3650	6.5	2	0.5
3651	7	2.5	0.5
3652	7	1.5	2.5
3653	10.5	8	4.5
3654	8.5	3.5	2
3655	10.5	8.5	4
3656	9	3.5	4.5
3657	6	0.5	3
3658	8	3	1.5
3659	10	5.5	5
3660	5.5	0	4
3661	2.5	0	0
3662	5	0	2.5
3663	8.5	3	3
3664	6	1	1.5
3665	9	6.5	0
3666	10	9	1.5
3667	10.5	8	4
3668	9	4	2.5
3669	9	3.5	4
3670	9.5	6.5	1
3671	10	5.5	4.5
3672	8	2.5	2.5
3673	6	1.5	0.5
3674	7.5	3	0.5
3675	10	8.5	1.5
3676	9.5	5	2.5
3677	6.5	1	2.5
3678	10	6.5	2.5
3679	7.5	1.5	5
3680	10.5	7.5	5
3681	10.5	9	3.5
3682	10.5	7.5	4.5
3683	9.5	7.5	0.5
3684	8.5	4.5	0.5
3685	4.5	0.5	0.5
3686	9.5	4.5	3.5
3687	10.5	8.5	3.5
3688	7.5	1.5	4.5
3689	10	6	3
3690	7	1	5
3691	4	0	1
3692	10	7	2
3693	9	5	1
3694	8	2	5
3695	10	8	1.5
3696	7	1	4.5
3697	10	5.5	4
3698	5	0.5	1
3699	4	0.5	0
3700	8.5	5	0
3701	8	2	4.5
3702	8.5	4	1
3703	10.5	7.5	4
3704	9	4.5	1.5
3705	5.5	0	3.5
3706	4.5	0	1.5
3707	3.5	0	0.5
3708	7.5	1.5	4
3709	10.5	8	3.5
3710	9	5.5	0.5
3711	9	3.5	3.5
3712	7	1	4
3713	5	1	0
3714	8	4	0
3715	7	2	1
3716	8	2	4
3717	10.5	7	5
3718	7.5	2	2
3719	7	1.5	2
3720	10.5	9	3
3721	8	3.5	0.5
3722	8.5	3	2.5
3723	10.5	8.5	3
3724	9.5	7	0.5
3725	8.5	2.5	5
3726	9.5	4.5	3
3727	6	0.5	2.5
3728	5.5	1	0.5
3729	10	7.5	1.5
3730	10	5.5	3.5
3731	6.5	1.5	1
3732	6.5	0.5	5
3733	10.5	7	4.5
3734	7.5	2.5	1
3735	7.5	1.5	3.5
3736	9.5	5.5	1.5
3737	5.5	0.5	1.5
3738	10.5	7.5	3.5
3739	8.5	2.5	4.5
3740	8.5	3.5	1.5
3741	6.5	0.5	4.5
3742	9	6	0
3743	3	0	0
3744	9	4	2
3745	5	0	2
3746	10	6	2.5
3747	9.5	6	1
3748	8	2.5	2
3749	10	6.5	2
3750	9.5	9	0
3751	10.5	7	4
3752	10.5	8	3
3753	5.5	0	3
3754	6.5	1	2
3755	9.5	4	5
3756	7	1	3.5
3757	8	2	3.5
3758	9.5	5	2
3759	9	3.5	3
3760	9.5	8.5	0
3761	6.5	0.5	4
3762	8.5	2.5	4
3763	9.5	4	4.5
3764	10	5	5
3765	8	3	1
3766	6	1	1
3767	10	9	1
3768	9.5	8	0
3769	6.5	2	0
3770	10	5	4.5
3771	7	2.5	0
3772	10	7	1.5
3773	10	8.5	1
3774	10	5.5	3
3775	9.5	4	4
3776	10.5	7	3.5
3777	10.5	7.5	3
3778	10.5	6.5	5
3779	10.5	9	2.5
3780	7.5	1.5	3
3781	9.5	6.5	0.5
3782	10.5	6.5	4.5
3783	10.5	8.5	2.5
3784	9.5	4.5	2.5
3785	6.5	0.5	3.5
3786	8.5	2.5	3.5
3787	10	5	4
3788	8	2	3
3789	10	8	1
3790	6	0	5
3791	9	3	5
3792	7	1	3
3793	7.5	3	0
3794	6	0	4.5
3795	6	1.5	0
3796	9	4.5	1
3797	6	0.5	2
3798	8.5	3	2
3799	4.5	0	1
3800	9	5	0.5
3801	4	0	0.5
3802	9	3	4.5
3803	5	0.5	0.5
3804	9.5	7.5	0
3805	4.5	0.5	0
3806	5.5	0	2.5
3807	7.5	2	1.5
3808	8.5	4.5	0
3809	10.5	8	2.5
3810	8.5	4	0.5
3811	7	1.5	1.5
3812	10.5	6.5	4
3813	9.5	4	3.5
3814	9	3.5	2.5
3815	10	6	2
3816	6	0	4
3817	9	3	4
3818	10	5	3.5
3819	5	0	1.5
3820	10.5	7	3
3821	3.5	0	0
3822	10	7.5	1
3823	9	4	1.5
3824	7	2	0.5
3825	9	5.5	0
3826	8	2.5	1.5
3827	9.5	5.5	1
3828	5.5	0.5	1
3829	9.5	5	1.5
3830	10	6.5	1.5
3831	6.5	0.5	3
3832	6.5	1	1.5
3833	8.5	2.5	3
3834	8.5	3.5	1
3835	10	5.5	2.5
3836	7.5	1.5	2.5
3837	10.5	7.5	2.5
3838	7.5	2.5	0.5
3839	6.5	1.5	0.5
3840	10.5	6.5	3.5
3841	5.5	1	0
3842	9.5	7	0
3843	8	3.5	0
3844	10.5	6	5
3845	8	2	2.5
3846	9.5	4	3
3847	6	0	3.5
3848	7	1	2.5
3849	10.5	9	2
3850	9	3	3.5
3851	9.5	6	0.5
3852	9.5	4.5	2
3853	10.5	8.5	2
3854	10.5	6	4.5
3855	10	5	3
3856	10	7	1
3857	7.5	1	5
3858	8	3	0.5
3859	6	1	0.5
3860	8	1.5	5
3861	10	4.5	5
3862	10	9	0.5
3863	5.5	0	2
3864	9	3.5	2
3865	10.5	8	2
3866	10.5	6	4
3867	10	8.5	0.5
3868	10.5	7	2.5
3869	10.5	6.5	3
3870	7.5	1	4.5
3871	8	1.5	4.5
3872	6	0.5	1.5
3873	9.5	3.5	5
3874	10	4.5	4.5
3875	8.5	3	1.5
3876	9.5	3.5	4.5
3877	6.5	0.5	2.5
3878	8.5	2.5	2.5
3879	6	0	3
3880	11	9	5
3881	9	3	3
3882	10	6	1.5
3883	7.5	2	1
3884	10	4.5	4
3885	7.5	1	4
3886	10	8	0.5
3887	11	8.5	5
3888	11	9	4.5
3889	8.5	2	5
3890	8	1.5	4
3891	7	1.5	1
3892	7	0.5	5
3893	10	5.5	2
3894	9.5	6.5	0
3895	7.5	1.5	2
3896	8.5	2	4.5
3897	10.5	7.5	2
3898	9.5	3.5	4
3899	9	4.5	0.5
3900	9.5	4	2.5
3901	11	8.5	4.5
3902	4.5	0	0.5
3903	7	0.5	4.5
3904	10.5	6	3.5
3905	9	5	0
3906	11	8	5
3907	4	0	0
3908	11	9	4
3909	8	2	2
3910	7	1	2
3911	5	0	1
3912	9	4	1
3913	8	2.5	1
3914	5	0.5	0
3915	10	5	2.5
3916	8.5	2	4
3917	6.5	1	1
3918	11	8.5	4
3919	11	8	4.5
3920	9.5	5	1
3921	8.5	4	0
3922	10	6.5	1
3923	7	0.5	4
3924	7.5	1	3.5
3925	10	7.5	0.5
3926	8	1.5	3.5
3927	10	4.5	3.5
3928	10.5	9	1.5
3929	10.5	5.5	5
3930	9.5	5.5	0.5
3931	10.5	6.5	2.5
3932	5.5	0.5	0.5
3933	10.5	8.5	1.5
3934	9.5	4.5	1.5
3935	9.5	3.5	3.5
3936	8.5	3.5	0.5
3937	10.5	5.5	4.5
3938	7	2	0
3939	11	8	4
3940	10.5	7	2
3941	9	2.5	5
3942	11	9	3.5
3943	6.5	0	5
3944	11	7.5	5
3945	6	0	2.5
3946	9	3	2.5
3947	10.5	6	3
3948	7.5	2.5	0
3949	8.5	2	3.5
3950	6.5	1.5	0
3951	11	8.5	3.5
3952	10.5	8	1.5
3953	11	7.5	4.5
3954	6.5	0	4.5
3955	5.5	0	1.5
3956	7	0.5	3.5
3957	6.5	0.5	2
3958	9	2.5	4.5
3959	8.5	2.5	2
3960	9	3.5	1.5
3961	10.5	5.5	4
3962	9.5	6	0
3963	8	1.5	3
3964	6	0.5	1
3965	11	8	3.5
3966	11	7.5	4
3967	10	4.5	3
3968	7.5	1	3
3969	8.5	3	1
3970	6.5	0	4
3971	10	7	0.5
3972	9.5	4	2
3973	9	2.5	4
3974	9.5	3.5	3
3975	10	5.5	1.5
3976	10.5	7.5	1.5
3977	7.5	1.5	1.5
3978	10.5	5.5	3.5
3979	10	6	1
3980	8	3	0
3981	10	5	2
3982	6	1	0
3983	10	9	0
3984	11	7	5
3985	11	9	3
3986	10	4	5
3987	11	8.5	3
3988	8	2	1.5
3989	10	8.5	0
3990	8.5	2	3
3991	11	7	4.5
3992	7	1	1.5
3993	7	0.5	3
3994	10	4	4.5
3995	7.5	2	0.5
3996	10.5	6.5	2
3997	11	7.5	3.5
3998	6.5	0	3.5
3999	7	1.5	0.5
4000	10.5	6	2.5
4001	9	2.5	3.5
4002	10	8	0
4003	11	8	3
4004	11	7	4
4005	6	0	2
4006	9	3	2
4007	10	4	4
4008	9.5	3	5
4009	9	4.5	0
4010	4.5	0	0
4011	5	0	0.5
4012	9	4	0.5
4013	10.5	9	1
4014	10.5	5	5
4015	9.5	5	0.5
4016	10	6.5	0.5
4017	8	1.5	2.5
4018	9.5	3	4.5
4019	8	2.5	0.5
4020	10.5	7	1.5
4021	7.5	1	2.5
4022	10.5	8.5	1
4023	6.5	1	0.5
4024	10	4.5	2.5
4025	9.5	4.5	1
4026	10.5	5.5	3
4027	10.5	5	4.5
4028	9.5	3.5	2.5
4029	6.5	0.5	1.5
4030	8.5	2.5	1.5
4031	9.5	3	4
4032	10	7.5	0
4033	5.5	0	1
4034	11	7	3.5
4035	11	6.5	5
4036	11	9	2.5
4037	10.5	8	1
4038	9	2.5	3
4039	6.5	0	3
4040	11	7.5	3
4041	10	4	3.5
4042	9	3.5	1
4043	10.5	5	4
4044	9.5	5.5	0
4045	5.5	0.5	0
4046	8.5	2	2.5
4047	11	8.5	2.5
4048	9.5	4	1.5
4049	8.5	3.5	0
4050	11	6.5	4.5
4051	7	0.5	2.5
4052	8	1	5
4053	8	1	4.5
4054	10	5	1.5
4055	11	6.5	4
4056	11	8	2.5
4057	10.5	6	2
4058	10	5.5	1
4059	9.5	3	3.5
4060	6	0.5	0.5
4061	10.5	7.5	1
4062	7.5	1.5	1
4063	8.5	1.5	5
4064	8.5	3	0.5
4065	7.5	0.5	5
4066	10.5	5	3.5
4067	7.5	0.5	4.5
4068	10.5	6.5	1.5
4069	10.5	5.5	2.5
4070	8.5	1.5	4.5
4071	10	7	0
4072	8	1	4
4073	11	7	3
4074	8	2	1
4075	7	1	1
4076	10	4	3
4077	8	1.5	2
4078	10	6	0.5
4079	9	3	1.5
4080	7.5	1	2
4081	10	4.5	2
4082	6	0	1.5
4083	6.5	0	2.5
4084	7.5	0.5	4
4085	11	7.5	2.5
4086	11	6.5	3.5
4087	9	2.5	2.5
4088	9.5	3.5	2
4089	8.5	1.5	4
4090	7	0	5
4091	11	9	2
4092	11	6	5
4093	9	2	5
4094	9.5	3	3
4095	7.5	2	0
4096	7	0.5	2
4097	11	6	4.5
4098	7	1.5	0
4099	8.5	2	2
4100	8	1	3.5
4101	10.5	7	1
4102	7	0	4.5
4103	11	8.5	2
4104	10	3.5	5
4105	9	2	4.5
4106	10.5	5	3
4107	6.5	0.5	1
4108	10.5	9	0.5
4109	8.5	2.5	1
4110	10.5	4.5	5
4111	10	3.5	4.5
4112	9.5	4.5	0.5
4113	7.5	0.5	3.5
4114	10.5	8.5	0.5
4115	8.5	1.5	3.5
4116	10.5	4.5	4.5
4117	7	0	4
4118	5	0	0
4119	11	8	2
4120	9	4	0
4121	11	6	4
4122	9	2	4
4123	6.5	1	0
4124	8	2.5	0
4125	9.5	5	0
4126	11	6.5	3
4127	9.5	4	1
4128	10	6.5	0
4129	10	4	2.5
4130	11	7	2.5
4131	10	3.5	4
4132	10.5	8	0.5
4133	5.5	0	0.5
4134	10.5	5.5	2
4135	9	3.5	0.5
4136	10.5	4.5	4
4137	10.5	6	1.5
4138	8	1	3
4139	10	5	1
4140	11	7.5	2
4141	9	2.5	2
4142	11	6	3.5
4143	7	0	3.5
4144	6.5	0	2
4145	9	2	3.5
4146	9.5	3	2.5
4147	8	1.5	1.5
4148	10	4.5	1.5
4149	7.5	1	1.5
4150	9.5	2.5	5
4151	10	3.5	3.5
4152	7.5	0.5	3
4153	10.5	5	2.5
4154	10	5.5	0.5
4155	8.5	1.5	3
4156	10.5	6.5	1
4157	7.5	1.5	0.5
4158	10.5	7.5	0.5
4159	9.5	3.5	1.5
4160	10.5	4.5	3.5
4161	9.5	2.5	4.5
4162	6	0	1
4163	9	3	1
4164	6	0.5	0
4165	8.5	3	0
4166	8	2	0.5
4167	11	5.5	5
4168	11	9	1.5
4169	7	1	0.5
4170	11	6.5	2.5
4171	8.5	2	1.5
4172	11	8.5	1.5
4173	7	0.5	1.5
4174	11	5.5	4.5
4175	9.5	2.5	4
4176	10	6	0
4177	10	4	2
4178	11	7	2
4179	11	6	3
4180	7	0	3
4181	9	2	3
4182	8	1	2.5
4183	11	8	1.5
4184	11	5.5	4
4185	10	3.5	3
4186	10.5	7	0.5
4187	10.5	4.5	3
4188	7.5	0.5	2.5
4189	6.5	0.5	0.5
4190	9.5	2.5	3.5
4191	8.5	1.5	2.5
4192	8.5	2.5	0.5
4193	10.5	5.5	1.5
4194	9.5	3	2
4195	10.5	9	0
4196	10.5	5	2
4197	10.5	4	5
4198	10.5	6	1
4199	9	2.5	1.5
4200	10.5	8.5	0
4201	11	7.5	1.5
4202	11	5.5	3.5
4203	9.5	4.5	0
4204	9.5	4	0.5
4205	6.5	0	1.5
4206	10.5	4	4.5
4207	10	3	5
4208	8	1.5	1
4209	10	3	4.5
4210	10	5	0.5
4211	11	6.5	2
4212	10	4.5	1
4213	8	0.5	5
4214	8.5	1	5
4215	7	0	2.5
4216	9	3.5	0
4217	10.5	8	0
4218	5.5	0	0
4219	11	6	2.5
4220	7.5	1	1
4221	9	2	2.5
4222	10.5	4	4
4223	8	0.5	4.5
4224	9.5	3.5	1
4225	10	3.5	2.5
4226	8.5	1	4.5
4227	9.5	2.5	3
4228	10.5	4.5	2.5
4229	10.5	6.5	0.5
4230	8	1	2
4231	11	5	5
4232	10	3	4
4233	11	9	1
4234	9	1.5	5
4235	7	0.5	1
4236	11	7	1.5
4237	11	5.5	3
4238	8	0.5	4
4239	11	8.5	1
4240	6	0	0.5
4241	8.5	1	4
4242	10	4	1.5
4243	7.5	0	5
4244	11	5	4.5
4245	8.5	2	1
4246	9	3	0.5
4247	10	5.5	0
4248	7.5	1.5	0
4249	9	1.5	4.5
4250	7.5	0.5	2
4251	10.5	7.5	0
4252	7.5	0	4.5
4253	8.5	1.5	2
4254	10.5	4	3.5
4255	8	2	0
4256	11	5	4
4257	7	1	0
4258	11	8	1
4259	10	3	3.5
4260	9	1.5	4
4261	7.5	0	4
4262	9.5	3	1.5
4263	10.5	5	1.5
4264	8.5	1	3.5
4265	8	0.5	3.5
4266	10.5	5.5	1
4267	9.5	2.5	2.5
4268	11	6	2
4269	7	0	2
4270	9	2	2
4271	9	2.5	1
4272	11	5	3.5
4273	10.5	7	0
4274	9.5	2	5
4275	11	7.5	1
4276	6.5	0	1
4277	10.5	4	3
4278	10	3.5	2
4279	9	1.5	3.5
4280	10.5	6	0.5
4281	7.5	0	3.5
4282	9.5	2	4.5
4283	11	6.5	1.5
4284	6.5	0.5	0
4285	8.5	2.5	0
4286	11	5.5	2.5
4287	10.5	4.5	2
4288	10	3	3
4289	9.5	2	4
4290	8	1	1.5
4291	8	0.5	3
4292	9.5	4	0
4293	8.5	1	3
4294	8	1.5	0.5
4295	10.5	3.5	5
4296	10	4.5	0.5
4297	7.5	1	0.5
4298	9.5	3.5	0.5
4299	7.5	0.5	1.5
4300	10.5	3.5	4.5
4301	8.5	1.5	1.5
4302	10	5	0
4303	10	4	1
4304	11	5	3
4305	11	7	1
4306	11	9	0.5
4307	11	4.5	5
4308	9	1.5	3
4309	7.5	0	3
4310	7	0.5	0.5
4311	9.5	2	3.5
4312	11	4.5	4.5
4313	11	8.5	0.5
4314	10.5	6.5	0
4315	8.5	2	0.5
4316	10.5	3.5	4
4317	9.5	2.5	2
4318	10.5	4	2.5
4319	6	0	0
4320	9	3	0
4321	9.5	3	1
4322	10	2.5	5
4323	10	3	2.5
4324	11	5.5	2
4325	11	4.5	4
4326	10.5	5	1
4327	11	6	1.5
4328	11	8	0.5
4329	7	0	1.5
4330	9	2	1.5
4331	8.5	1	2.5
4332	8	0.5	2.5
4333	10	3.5	1.5
4334	10	2.5	4.5
4335	10.5	5.5	0.5
4336	10.5	4.5	1.5
4337	10.5	3.5	3.5
4338	9.5	2	3
4339	11	5	2.5
4340	11	6.5	1
4341	10	2.5	4
4342	9	1.5	2.5
4343	11	7.5	0.5
4344	9	2.5	0.5
4345	11	4.5	3.5
4346	7.5	0	2.5
4347	6.5	0	0.5
4348	8	1	1
4349	10.5	6	0
4350	10.5	4	2
4351	7.5	0.5	1
4352	8.5	0.5	5
4353	10	2.5	3.5
4354	10.5	3.5	3
4355	8.5	1.5	1
4356	9.5	2.5	1.5
4357	8.5	0.5	4.5
4358	9	1	5
4359	10	3	2
4360	8	0	5
4361	10	4.5	0
4362	7.5	1	0
4363	8	1.5	0
4364	10	4	0.5
4365	8.5	1	2
4366	8	0.5	2
4367	11	4.5	3
4368	11	7	0.5
4369	8	0	4.5
4370	9	1	4.5
4371	11	5.5	1.5
4372	9.5	2	2.5
4373	9.5	3.5	0
4374	8.5	0.5	4
4375	11	6	1
4376	11	9	0
4377	11	4	5
4378	11	5	2
4379	8	0	4
4380	7	0	1
4381	9	2	1
4382	9	1	4
4383	7	0.5	0
4384	10	3.5	1
4385	7.5	0	2
4386	11	4	4.5
4387	9	1.5	2
4388	11	8.5	0
4389	8.5	2	0
4390	10.5	3	5
4391	10	2.5	3
4392	9.5	3	0.5
4393	10.5	4.5	1
4394	10.5	5	0.5
4395	9.5	1.5	5
4396	10.5	3	4.5
4397	9.5	1.5	4.5
4398	10.5	3.5	2.5
4399	8.5	0.5	3.5
4400	11	4	4
4401	11	8	0
4402	8	0	3.5
4403	10.5	3	4
4404	9	1	3.5
4405	10.5	5.5	0
4406	9.5	1.5	4
4407	11	4.5	2.5
4408	11	6.5	0.5
4409	10.5	4	1.5
4410	8	1	0.5
4411	9	2.5	0
4412	10	3	1.5
4413	9.5	2	2
4414	6.5	0	0
4415	11	4	3.5
4416	11	7.5	0
4417	10	2.5	2.5
4418	8.5	1	1.5
4419	10.5	3	3.5
4420	8.5	0.5	3
4421	8	0.5	1.5
4422	9.5	2.5	1
4423	7.5	0.5	0.5
4424	9.5	1.5	3.5
4425	8.5	1.5	0.5
4426	8	0	3
4427	10	2	5
4428	9	1	3
4429	11	5.5	1
4430	10	2	4.5
4431	11	5	1.5
4432	9	1.5	1.5
4433	7.5	0	1.5
4434	10.5	3.5	2
4435	10	4	0
4436	10	2	4
4437	11	7	0
4438	11	4	3
4439	11	6	0.5
4440	11	4.5	2
4441	7	0	0.5
4442	9	2	0.5
4443	10.5	3	3
4444	9.5	1.5	3
4445	10	3.5	0.5
4446	10.5	4.5	0.5
4447	8.5	0.5	2.5
4448	9.5	3	0
4449	11	3.5	5
4450	10	2	3.5
4451	10.5	5	0
4452	8	0	2.5
4453	10	2.5	2
4454	9	1	2.5
4455	10.5	4	1
4456	9.5	2	1.5
4457	11	3.5	4.5
4458	10	3	1
4459	11	4	2.5
4460	8.5	1	1
4461	11	6.5	0
4462	11	3.5	4
4463	8	0.5	1
4464	10.5	2.5	5
4465	10.5	3	2.5
4466	9.5	1.5	2.5
4467	9.5	2.5	0.5
4468	10.5	3.5	1.5
4469	10.5	2.5	4.5
4470	11	5	1
4471	8	1	0
4472	10	2	3
4473	8.5	0	5
4474	7.5	0	1
4475	9	1.5	1
4476	9	0.5	5
4477	11	4.5	1.5
4478	11	3.5	3.5
4479	11	5.5	0.5
4480	7.5	0.5	0
4481	8.5	1.5	0
4482	8.5	0	4.5
4483	8.5	0.5	2
4484	9	0.5	4.5
4485	10.5	2.5	4
4486	8	0	2
4487	9	1	2
4488	9.5	1	5
4489	9	0.5	4
4490	8.5	0	4
4491	9.5	1	4.5
4492	10	2.5	1.5
4493	10.5	2.5	3.5
4494	11	6	0
4495	7	0	0
4496	11	4	2
4497	9	2	0
4498	10	3.5	0
4499	9.5	1	4
4500	9.5	2	1
4501	11	3.5	3
4502	10	2	2.5
4503	10.5	3	2
4504	10.5	4.5	0
4505	8.5	0	3.5
4506	10.5	4	0.5
4507	9	0.5	3.5
4508	9.5	1.5	2
4509	10	1.5	5
4510	10	3	0.5
4511	9.5	1	3.5
4512	10	1.5	4.5
4513	8.5	1	0.5
4514	8	0.5	0.5
4515	10.5	3.5	1
4516	10.5	2.5	3
4517	8.5	0.5	1.5
4518	11	3	5
4519	11	5	0.5
4520	10	1.5	4
4521	9	0.5	3
4522	11	3	4.5
4523	8	0	1.5
4524	11	4.5	1
4525	8.5	0	3
4526	9	1	1.5
4527	9	1.5	0.5
4528	9.5	2.5	0
4529	7.5	0	0.5
4530	11	3.5	2.5
4531	11	3	4
4532	10	2	2
4533	9.5	1	3
4534	10	2.5	1
4535	11	4	1.5
4536	11	5.5	0
4537	10	1.5	3.5
4538	10.5	3	1.5
4539	9.5	1.5	1.5
4540	10.5	2.5	2.5
4541	11	3	3.5
4542	10.5	2	5
4543	9	0.5	2.5
4544	9.5	2	0.5
4545	8.5	0	2.5
4546	10.5	2	4.5
4547	10	1.5	3
4548	11	3.5	2
4549	10.5	4	0
4550	10.5	2	4
4551	8.5	0.5	1
4552	9.5	1	2.5
4553	10.5	3.5	0.5
4554	10	3	0
4555	11	3	3
4556	8	0	1
4557	9	1	1
4558	8.5	1	0
4559	10	2	1.5
4560	8	0.5	0
4561	11	4.5	0.5
4562	10.5	2	3.5
4563	10.5	2.5	2
4564	9	0	5
4565	11	5	0
4566	11	4	1
4567	9	0.5	2
4568	7.5	0	0
4569	8.5	0	2
4570	9	1.5	0
4571	10.5	3	1
4572	9	0	4.5
4573	10	2.5	0.5
4574	10	1.5	2.5
4575	9.5	1.5	1
4576	9.5	0.5	5
4577	9.5	0.5	4.5
4578	9	0	4
4579	11	2.5	5
4580	10.5	2	3
4581	11	3	2.5
4582	9.5	1	2
4583	11	2.5	4.5
4584	11	3.5	1.5
4585	9.5	0.5	4
4586	10	1	5
4587	9.5	2	0
4588	10	1	4.5
4589	11	2.5	4
4590	9	0	3.5
4591	10.5	2.5	1.5
4592	8.5	0.5	0.5
4593	9.5	0.5	3.5
4594	10	2	1
4595	10	1	4
4596	10	1.5	2
4597	8	0	0.5
4598	9	1	0.5
4599	10.5	3.5	0
4600	10.5	2	2.5
4601	9	0.5	1.5
4602	8.5	0	1.5
4603	11	2.5	3.5
4604	11	3	2
4605	9	0	3
4606	11	4	0.5
4607	10	1	3.5
4608	11	4.5	0
4609	10.5	1.5	5
4610	9.5	1	1.5
4611	10.5	3	0.5
4612	9.5	0.5	3
4613	9.5	1.5	0.5
4614	10.5	1.5	4.5
4615	10	2.5	0
4616	11	2.5	3
4617	11	3.5	1
4618	10.5	1.5	4
4619	10	1	3
4620	10.5	2	2
4621	9	0	2.5
4622	10	1.5	1.5
4623	10.5	2.5	1
4624	9.5	0.5	2.5
4625	10.5	1.5	3.5
4626	10	2	0.5
4627	9	0.5	1
4628	11	3	1.5
4629	8.5	0	1
4630	8.5	0.5	0
4631	11	2.5	2.5
4632	8	0	0
4633	11	2	5
4634	9	1	0
4635	10	1	2.5
4636	9.5	1	1
4637	11	2	4.5
4638	10.5	1.5	3
4639	11	4	0
4640	9	0	2
4641	11	2	4
4642	9.5	0	5
4643	10.5	3	0
4644	9.5	1.5	0
4645	11	3.5	0.5
4646	9.5	0.5	2
4647	10.5	2	1.5
4648	9.5	0	4.5
4649	10	1.5	1
4650	10	0.5	5
4651	11	2.5	2
4652	11	2	3.5
4653	9.5	0	4
4654	10	0.5	4.5
4655	10.5	2.5	0.5
4656	10.5	1.5	2.5
4657	11	3	1
4658	10	1	2
4659	10	0.5	4
4660	9	0.5	0.5
4661	8.5	0	0.5
4662	9.5	0	3.5
4663	10	2	0
4664	11	2	3
4665	10.5	1	5
4666	9	0	1.5
4667	10	0.5	3.5
4668	10.5	1	4.5
4669	9.5	1	0.5
4670	9.5	0.5	1.5
4671	10.5	2	1
4672	9.5	0	3
4673	10.5	1	4
4674	10.5	1.5	2
4675	11	2.5	1.5
4676	10	0.5	3
4677	10	1	1.5
4678	11	2	2.5
4679	11	3.5	0
4680	10	1.5	0.5
4681	10.5	1	3.5
4682	11	1.5	5
4683	11	3	0.5
4684	10.5	2.5	0
4685	9.5	0	2.5
4686	11	1.5	4.5
4687	9	0	1
4688	8.5	0	0
4689	9	0.5	0
4690	11	1.5	4
4691	10.5	1	3
4692	10	0.5	2.5
4693	9.5	0.5	1
4694	10.5	1.5	1.5
4695	11	2	2
4696	11	2.5	1
4697	9.5	1	0
4698	10.5	2	0.5
4699	11	1.5	3.5
4700	10	1	1
4701	9.5	0	2
4702	10.5	1	2.5
4703	10	0	5
4704	10	1.5	0
4705	10	0.5	2
4706	11	1.5	3
4707	10	0	4.5
4708	11	3	0
4709	10	0	4
4710	11	2	1.5
4711	9	0	0.5
4712	10.5	1.5	1
4713	10.5	0.5	5
4714	9.5	0.5	0.5
4715	10.5	0.5	4.5
4716	10.5	1	2
4717	10	0	3.5
4718	9.5	0	1.5
4719	11	1.5	2.5
4720	11	2.5	0.5
4721	10.5	0.5	4
4722	10.5	2	0
4723	10	1	0.5
4724	10	0.5	1.5
4725	10.5	0.5	3.5
4726	11	1	5
4727	10	0	3
4728	11	1	4.5
4729	11	2	1
4730	11	1	4
4731	11	1.5	2
4732	10.5	1	1.5
4733	10.5	0.5	3
4734	10.5	1.5	0.5
4735	9	0	0
4736	10	0	2.5
4737	11	1	3.5
4738	9.5	0	1
4739	9.5	0.5	0
4740	10	0.5	1
4741	11	2.5	0
4742	10.5	0.5	2.5
4743	10	1	0
4744	11	1	3
4745	11	1.5	1.5
4746	10	0	2
4747	11	2	0.5
4748	10.5	1	1
4749	11	1	2.5
4750	10.5	0	5
4751	9.5	0	0.5
4752	10.5	0.5	2
4753	10.5	1.5	0
4754	10.5	0	4.5
4755	10.5	0	4
4756	10	0.5	0.5
4757	11	1.5	1
4758	11	0.5	5
4759	10	0	1.5
4760	11	0.5	4.5
4761	10.5	0	3.5
4762	11	1	2
4763	11	0.5	4
4764	10.5	1	0.5
4765	10.5	0.5	1.5
4766	11	2	0
4767	10.5	0	3
4768	11	0.5	3.5
4769	9.5	0	0
4770	10	0	1
4771	10	0.5	0
4772	11	1	1.5
4773	11	0.5	3
4774	11	1.5	0.5
4775	10.5	0	2.5
4776	10.5	0.5	1
4777	10.5	1	0
4778	11	0.5	2.5
4779	10.5	0	2
4780	11	1	1
4781	10	0	0.5
4782	11	0	5
4783	11	0	4.5
4784	11	1.5	0
4785	11	0.5	2
4786	10.5	0.5	0.5
4787	11	0	4
4788	10.5	0	1.5
4789	11	0	3.5
4790	11	1	0.5
4791	11	0.5	1.5
4792	10	0	0
4793	11	0	3
4794	10.5	0	1
4795	10.5	0.5	0
4796	11	0	2.5
4797	11	0.5	1
4798	11	1	0
4799	11	0	2
4800	10.5	0	0.5
4801	11	0.5	0.5
4802	11	0	1.5
4803	10.5	0	0
4804	11	0	1
4805	11	0.5	0
4806	11	0	0.5
4807	11	0	0
